0	0	416	620	688	711
0	0	416	620	688	711
0	0	416	620	689	711
0	0	416	620	688	711
0	0	416	620	688	711
0	1	415	620	689	711
2	1	415	620	688	711
2	2	416	620	689	711
3	2	416	621	688	711
4	2	415	621	688	710
4	3	415	620	687	709
5	4	416	622	686	707
6	4	418	624	683	703
6	5	420	623	683	699
6	6	444	626	683	698
7	6	424	625	679	698
8	8	426	626	680	701
8	8	426	627	680	704
8	9	425	629	680	707
9	10	424	628	683	710
10	10	423	627	685	711
10	11	422	628	686	710
10	12	418	630	688	706
11	12	416	633	687	701
12	14	416	634	685	697
12	14	419	635	683	694
13	15	420	638	686	696
13	16	421	641	687	699
14	16	420	642	687	699
14	17	421	643	691	702
15	18	423	645	696	705
16	19	423	645	700	703
16	20	422	644	700	701
17	20	421	642	697	699
18	21	419	641	694	697
18	22	417	639	690	696
19	22	416	639	687	694
19	22	418	639	684	693
20	24	418	641	684	692
20	24	419	641	682	690
21	24	441	642	683	691
22	25	419	639	684	693
22	25	419	639	687	695
22	26	418	637	690	693
23	26	417	638	691	693
23	26	415	638	691	693
24	27	415	638	691	695
24	28	414	635	691	696
24	28	412	633	692	697
24	28	411	631	693	699
26	28	411	631	693	701
26	29	411	630	695	706
26	29	412	630	697	709
26	30	435	630	698	712
26	30	416	625	697	715
27	30	418	623	695	720
28	31	421	620	696	725
28	32	421	620	698	730
28	32	422	619	701	733
28	32	421	619	702	734
29	32	420	619	703	734
29	33	419	619	703	734
30	33	416	620	705	734
30	34	414	620	706	735
30	34	414	621	707	735
30	34	413	621	707	734
30	34	432	624	707	733
30	35	411	622	705	733
31	35	410	622	705	733
31	35	409	621	705	733
32	35	408	620	705	733
32	35	407	620	705	733
32	36	406	619	704	732
32	36	406	619	704	731
32	36	405	619	705	731
32	36	404	619	705	731
32	36	404	619	705	731
32	36	404	619	707	732
33	37	404	619	708	732
33	37	405	620	710	732
34	37	407	621	711	733
34	38	409	621	714	734
34	38	409	622	714	734
34	38	411	622	716	735
34	38	412	623	716	735
34	38	415	624	719	737
34	38	415	624	719	738
34	38	416	625	720	739
34	38	416	625	719	738
35	38	439	628	720	740
35	39	419	627	719	740
35	39	421	628	719	741
35	40	422	630	719	741
35	40	424	631	720	741
35	40	422	631	719	740
35	40	423	632	720	740
36	40	423	633	720	740
36	40	423	634	720	740
36	40	423	635	720	740
36	40	443	639	721	739
36	40	423	638	721	738
36	41	422	640	723	736
36	41	422	641	724	736
36	41	420	642	725	734
37	42	419	642	725	734
37	42	417	642	727	731
37	42	417	642	727	731
38	42	415	642	727	726
38	42	414	643	726	726
38	42	413	644	726	722
38	42	413	644	726	723
38	42	411	645	724	720
38	43	412	645	723	721
38	43	410	647	721	719
38	43	410	646	720	720
38	43	410	647	719	719
39	43	410	646	719	719
39	44	409	647	717	718
39	44	409	646	717	718
39	44	408	646	715	717
40	44	408	645	715	718
40	44	408	646	715	718
40	44	409	645	715	718
40	44	408	645	714	718
40	44	408	645	714	718
40	44	408	645	713	718
40	45	408	644	712	718
40	45	406	643	709	718
40	45	427	645	708	718
40	45	406	643	706	719
41	46	406	643	704	720
41	46	406	641	703	720
42	46	406	642	702	720
42	46	406	641	701	720
42	46	406	640	700	720
42	46	406	639	698	719
42	46	405	638	696	718
42	46	406	638	695	717
42	47	405	637	694	717
42	47	405	636	694	716
42	47	406	636	693	716
42	47	407	635	693	715
42	48	408	635	693	714
42	48	408	635	693	713
43	48	408	635	693	713
43	48	409	635	693	712
43	48	410	634	693	711
44	48	411	632	693	708
44	48	411	631	693	708
44	48	411	630	693	706
44	48	411	631	693	706
44	48	433	631	694	702
44	49	411	627	691	699
44	49	412	625	689	696
45	50	412	624	687	695
45	50	412	622	686	693
46	50	413	621	685	692
46	50	412	618	683	690
46	50	412	617	682	690
46	51	412	615	682	690
46	51	412	615	682	690
47	52	413	614	682	690
47	52	414	614	682	689
48	52	415	614	682	690
48	52	436	617	682	690
48	53	416	615	680	690
48	54	415	616	679	691
49	54	415	617	678	692
50	54	414	619	675	693
50	54	414	621	673	696
50	55	414	622	673	698
50	56	414	622	670	698
51	56	413	623	668	699
52	56	414	623	665	700
52	56	412	622	663	701
52	57	409	620	662	701
53	58	407	620	662	702
54	58	405	620	661	703
54	58	404	619	661	704
55	59	404	617	663	704
56	59	405	616	665	702
56	60	404	616	666	700
56	60	405	616	668	700
57	61	406	615	669	701
58	62	405	614	669	702
58	62	404	613	666	698
58	62	403	613	663	697
59	63	403	611	659	694
60	64	404	610	656	692
60	64	402	607	653	688
61	64	420	609	649	685
62	65	398	607	646	681
62	66	396	607	647	680
62	66	394	607	649	678
64	67	394	608	653	679
64	68	394	611	655	679
65	68	395	613	658	678
66	69	397	613	660	675
66	70	398	614	662	675
67	70	400	616	665	674
68	70	400	618	667	673
68	71	400	616	668	669
69	72	401	615	666	669
70	72	401	613	665	671
70	72	400	612	663	673
71	73	400	610	665	676
72	74	399	609	666	677
72	74	398	609	668	675
74	74	396	607	669	675
74	75	397	604	672	675
74	76	434	608	676	675
75	76	397	602	679	676
76	76	397	600	680	677
76	77	398	597	684	680
77	78	400	598	684	685
77	78	404	597	684	693
78	78	404	596	684	697
78	79	405	596	686	699
79	80	405	596	685	700
79	80	404	595	681	697
80	80	402	597	675	695
80	81	399	597	666	692
80	82	417	600	661	691
81	82	394	596	658	689
82	82	392	597	658	691
82	83	390	597	658	692
82	84	389	598	658	694
83	84	389	598	658	695
84	84	389	601	659	697
84	84	390	603	662	700
84	85	390	604	665	704
85	86	390	607	668	706
86	86	390	610	670	707
86	86	391	612	674	704
86	87	392	614	673	702
87	88	414	620	675	699
88	88	397	617	675	697
88	88	397	619	677	697
88	89	397	621	677	699
89	90	398	622	676	700
90	90	397	623	675	703
90	91	394	623	677	706
90	92	394	622	679	710
91	92	392	623	678	715
92	93	391	624	679	717
92	94	389	625	679	714
93	94	390	624	680	708
94	95	392	623	677	705
94	96	411	624	676	704
96	96	393	620	674	701
96	97	395	619	671	697
97	97	396	621	670	695
98	98	398	619	673	698
98	98	401	621	681	699
100	99	402	622	685	698
100	100	402	624	691	696
101	100	400	623	698	696
102	102	399	623	707	700
102	102	399	624	711	703
103	103	400	623	710	706
104	104	403	625	708	714
105	104	423	630	704	716
106	106	407	629	697	712
106	106	410	632	692	713
108	108	431	640	692	716
108	108	411	640	695	720
109	110	412	643	695	723
110	110	414	645	700	725
111	111	418	647	707	727
112	112	419	647	711	724
112	112	422	647	712	715
114	114	421	647	714	707
114	114	420	650	713	704
116	115	417	652	711	700
116	116	415	654	707	698
117	116	414	653	709	696
118	117	420	652	715	696
119	118	450	656	723	693
120	119	433	653	726	691
121	120	434	650	730	692
122	121	433	655	733	694
123	122	431	656	731	695
124	123	428	657	730	697
125	124	426	658	732	697
126	125	424	655	728	696
127	126	421	649	724	701
128	126	419	648	727	708
129	128	420	651	733	716
130	128	423	658	740	728
131	130	427	663	751	739
132	131	454	669	765	739
133	132	435	665	778	737
134	133	430	661	797	740
136	134	427	662	832	749
136	135	466	679	909	766
138	136	434	692	972	783
139	137	435	703	977	793
140	138	436	719	981	800
141	139	441	745	983	814
142	140	446	789	984	836
143	141	460	876	984	873
144	142	489	973	985	922
145	143	539	978	986	967
146	144	624	982	987	975
147	145	748	984	988	979
148	146	906	986	990	982
149	147	981	987	990	984
150	148	984	987	991	986
152	150	986	989	993	987
152	150	986	990	992	988
154	152	988	990	992	989
154	152	988	990	992	990
155	154	989	991	992	990
156	154	988	990	992	991
157	156	989	991	992	990
158	156	989	991	992	991
159	158	990	991	992	991
160	158	991	991	992	991
162	160	991	991	992	990
162	160	991	991	993	990
163	162	991	991	992	991
164	162	991	991	992	991
165	163	991	991	992	991
166	164	992	991	992	991
168	165	991	991	992	991
168	166	991	991	992	991
170	167	991	991	992	991
170	168	991	990	992	991
172	169	991	990	992	991
172	170	991	990	992	991
174	171	991	991	992	991
174	172	991	990	992	991
176	173	991	990	992	991
176	174	991	990	992	991
178	175	991	990	992	991
178	176	991	989	992	991
180	177	991	990	992	991
180	178	991	990	992	991
181	179	991	990	991	991
182	180	991	990	991	991
183	181	991	990	991	991
184	182	991	990	990	990
185	182	991	990	990	991
186	184	991	990	990	991
187	184	991	990	990	991
188	185	991	989	990	991
189	186	991	989	990	990
190	187	991	988	989	990
190	188	991	987	988	989
191	189	990	986	987	989
192	190	990	985	986	988
193	190	989	984	984	987
194	192	987	981	983	986
194	192	987	978	980	985
196	193	987	974	977	984
196	194	985	899	974	983
197	194	985	781	955	982
198	195	980	685	828	978
198	196	914	669	772	975
199	196	862	666	759	970
200	198	864	666	754	955
200	198	832	663	747	881
201	199	765	656	741	836
202	200	750	653	737	809
202	200	707	652	732	788
203	201	654	651	725	771
204	202	601	651	723	761
204	202	553	654	725	755
205	203	511	656	723	749
206	204	480	658	719	744
206	204	461	658	717	738
208	205	453	655	715	734
208	206	449	654	716	728
209	206	443	656	717	724
210	208	462	664	722	722
210	208	440	667	725	721
212	209	442	673	730	718
212	210	443	678	730	715
213	211	442	678	727	710
214	212	436	673	723	704
215	212	430	669	719	699
216	213	428	666	715	698
216	214	430	669	715	699
218	214	431	673	719	704
218	216	433	675	725	707
219	216	437	674	728	706
220	217	440	670	729	702
221	218	437	665	730	699
222	219	431	659	731	698
222	220	430	655	730	697
224	221	431	650	731	699
224	222	433	650	735	702
225	222	431	651	736	701
226	224	425	652	731	700
227	224	421	652	727	699
228	225	418	655	727	695
229	226	418	659	728	693
230	227	421	663	728	696
230	228	428	667	725	699
232	228	439	670	721	704
232	230	467	674	719	707
234	230	447	666	713	708
234	232	445	658	711	704
235	232	439	649	709	703
236	234	436	645	705	707
237	234	436	647	704	717
238	235	437	645	704	728
239	236	438	642	702	738
240	237	437	640	701	737
241	238	436	634	700	735
242	238	433	630	699	733
242	240	431	628	697	740
244	240	432	629	699	751
244	242	433	630	705	762
245	242	428	633	706	763
246	244	426	635	705	757
247	244	447	640	706	750
248	246	426	639	709	747
249	246	423	645	709	744
250	248	425	649	712	741
251	248	428	652	711	741
252	249	429	654	708	736
253	250	427	655	705	729
254	251	420	651	709	721
255	252	417	654	719	717
256	252	416	657	728	711
256	254	419	663	735	705
258	254	422	668	740	704
258	256	426	671	742	704
260	256	423	669	739	700
260	258	422	665	733	697
261	258	417	657	731	695
262	260	436	657	730	697
263	260	416	655	726	700
264	262	419	656	722	702
264	262	425	660	718	708
266	263	427	660	711	711
266	264	430	659	703	712
268	265	431	654	696	712
268	266	432	651	693	715
