HEADER	MICROS	MILLIS	LEFTDIR	LEFTDC	RIGHTDIR	RIGHTDC	LEFTPOS	RIGHTPOS	AMB_COL_NE	AMB_COL_SE	AMB_COL_SW	AMB_COL_NW	AMB_LINE_N	AMB_LINE_E	AMB_LINE_S	AMB_LINE_W	IR_COL_NE	IR_COL_SE	IR_COL_SW	IR_COL_NW	IR_LINE_N	IR_LINE_E	IR_LINE_S	IR_LINE_W	TRAILER	
1526703360	78562156	78561	0	0	0	0	0	0	0	0	0	0	0	0	0	0	0	0	0	0	379	328	439	684	1509991935	
1526703360	78573612	78573	0	0	0	0	0	0	0	0	0	0	0	0	0	0	0	0	0	0	379	329	440	685	1509991935	
1526703360	78583988	78583	0	0	0	0	0	0	0	0	0	0	0	0	0	0	0	0	0	0	378	329	440	685	1509991935	
1526703360	78592276	78592	0	0	0	0	0	0	0	0	0	0	0	0	0	0	0	0	0	0	380	329	440	686	1509991935	
1526703360	78602644	78602	0	0	0	0	0	0	0	0	0	0	0	0	0	0	0	0	0	0	380	329	440	685	1509991935	
1526703360	78613020	78612	0	0	0	0	0	0	0	0	0	0	0	0	0	0	0	0	0	0	398	330	440	684	1509991935	
1526703360	78623396	78622	0	0	0	0	0	0	0	0	0	0	0	0	0	0	0	0	0	0	379	329	440	685	1509991935	
1526703360	78633764	78632	0	0	0	0	0	0	0	0	0	0	0	0	0	0	0	0	0	0	379	329	440	685	1509991935	
1526703360	78644132	78643	0	0	0	0	0	0	0	0	0	0	0	0	0	0	0	0	0	0	379	329	440	685	1509991935	
1526703360	78652412	78652	0	0	0	0	0	0	0	0	0	0	0	0	0	0	0	0	0	0	380	329	440	685	1509991935	
1526703360	78662804	78662	0	0	0	0	0	0	0	0	0	0	0	0	0	0	0	0	0	0	379	329	440	685	1509991935	
1526703360	78673172	78672	0	0	0	0	0	0	0	0	0	0	0	0	0	0	0	0	0	0	379	329	440	685	1509991935	
1526703360	78683540	78683	0	0	0	0	0	0	0	0	0	0	0	0	0	0	0	0	0	0	379	329	440	685	1509991935	
1526703360	78693916	78693	0	0	0	0	0	0	0	0	0	0	0	0	0	0	0	0	0	0	398	330	440	685	1509991935	
1526703360	78702220	78701	0	0	0	0	0	0	0	0	0	0	0	0	0	0	0	0	0	0	379	329	440	685	1509991935	
1526703360	78712636	78711	0	0	0	0	0	0	0	0	0	0	0	0	0	0	0	0	0	0	379	328	439	684	1509991935	
1526703360	78723052	78722	0	0	0	0	0	0	0	0	0	0	0	0	0	0	0	0	0	0	378	328	439	683	1509991935	
1526703360	78733476	78733	0	0	0	0	0	0	0	0	0	0	0	0	0	0	0	0	0	0	378	328	439	684	1509991935	
1526703360	78743884	78743	0	0	0	0	0	0	0	0	0	0	0	0	0	0	0	0	0	0	378	328	439	684	1509991935	
1526703360	78752220	78751	0	0	0	0	0	0	0	0	0	0	0	0	0	0	0	0	0	0	379	329	439	684	1509991935	
1526703360	78762652	78761	0	0	0	0	0	0	0	0	0	0	0	0	0	0	0	0	0	0	379	328	439	684	1509991935	
1526703360	78773068	78772	0	0	0	0	0	0	0	0	0	0	0	0	0	0	0	0	0	0	378	328	439	684	1509991935	
1526703360	78783484	78783	0	0	0	0	0	0	0	0	0	0	0	0	0	0	0	0	0	0	378	328	439	683	1509991935	
1526703360	78793908	78793	0	0	0	0	0	0	0	0	0	0	0	0	0	0	0	0	0	0	378	328	439	683	1509991935	
1526703360	78802244	78801	0	0	0	0	0	0	0	0	0	0	0	0	0	0	0	0	0	0	380	329	439	684	1509991935	
1526703360	78812660	78812	0	0	0	0	0	0	0	0	0	0	0	0	0	0	0	0	0	0	378	328	439	684	1509991935	
1526703360	78823084	78822	0	0	0	0	0	0	0	0	0	0	0	0	0	0	0	0	0	0	379	328	439	683	1509991935	
1526703360	78833500	78832	0	0	0	0	0	0	0	0	0	0	0	0	0	0	0	0	0	0	379	328	439	683	1509991935	
1526703360	78841836	78840	0	0	0	0	0	0	0	0	0	0	0	0	0	0	0	0	0	0	379	329	440	684	1509991935	
1526703360	78852260	78852	0	0	0	0	0	0	0	0	0	0	0	0	0	0	0	0	0	0	379	328	439	684	1509991935	
1526703360	78862676	78862	0	0	0	0	0	0	0	0	0	0	0	0	0	0	0	0	0	0	379	328	439	683	1509991935	
1526703360	78873092	78872	0	0	0	0	0	0	0	0	0	0	0	0	0	0	0	0	0	0	397	329	439	683	1509991935	
1526703360	78883524	78882	0	0	0	0	0	0	0	0	0	0	0	0	0	0	0	0	0	0	378	328	439	683	1509991935	
1526703360	78891852	78891	0	0	0	0	0	0	0	0	0	0	0	0	0	0	0	0	0	0	379	329	440	685	1509991935	
1526703360	78902268	78902	0	0	0	0	0	0	0	0	0	0	0	0	0	0	0	0	0	0	379	328	439	684	1509991935	
1526703360	78912692	78912	0	0	0	0	0	0	0	0	0	0	0	0	0	0	0	0	0	0	378	328	439	684	1509991935	
1526703360	78923108	78922	0	0	0	0	0	0	0	0	0	0	0	0	0	0	0	0	0	0	378	328	439	684	1509991935	
1526703360	78933532	78932	0	0	0	0	0	0	0	0	0	0	0	0	0	0	0	0	0	0	398	329	439	683	1509991935	
1526703360	78941884	78941	0	0	0	0	0	0	0	0	0	0	0	0	0	0	0	0	0	0	379	329	440	684	1509991935	
1526703360	78952300	78951	0	0	0	0	0	0	0	0	0	0	0	0	0	0	0	0	0	0	379	328	439	684	1509991935	
1526703360	78962732	78962	0	0	0	0	0	0	0	0	0	0	0	0	0	0	0	0	0	0	378	328	439	683	1509991935	
1526703360	78973148	78972	0	0	0	0	0	0	0	0	0	0	0	0	0	0	0	0	0	0	378	328	439	684	1509991935	
1526703360	78983556	78983	0	0	0	0	0	0	0	0	0	0	0	0	0	0	0	0	0	0	378	328	439	683	1509991935	
1526703360	78991900	78991	0	0	0	0	0	0	0	0	0	0	0	0	0	0	0	0	0	0	398	330	440	684	1509991935	
1526703360	79002332	79001	0	0	0	0	0	0	0	0	0	0	0	0	0	0	0	0	0	0	378	328	439	684	1509991935	
1526703360	79012748	79011	0	0	0	0	0	0	0	0	0	0	0	0	0	0	0	0	0	0	378	328	439	683	1509991935	
1526703360	79023188	79023	0	0	0	0	0	0	0	0	0	0	0	0	0	0	0	0	0	0	378	328	439	684	1509991935	
1526703360	79033604	79033	0	0	0	0	0	0	0	0	0	0	0	0	0	0	0	0	0	0	378	328	439	684	1509991935	
1526703360	79041940	79041	0	0	0	0	0	0	0	0	0	0	0	0	0	0	0	0	0	0	379	328	439	684	1509991935	
1526703360	79052388	79051	0	0	0	0	0	0	0	0	0	0	0	0	0	0	0	0	0	0	378	328	439	684	1509991935	
1526703360	79062804	79062	0	0	0	0	0	0	0	0	0	0	0	0	0	0	0	0	0	0	378	328	439	683	1509991935	
1526703360	79073212	79072	0	0	0	0	0	0	0	0	0	0	0	0	0	0	0	0	0	0	378	328	439	684	1509991935	
1526703360	79081572	79081	0	0	0	0	0	0	0	0	0	0	0	0	0	0	0	0	0	0	379	329	440	685	1509991935	
1526703360	79091980	79091	0	0	0	0	0	0	0	0	0	0	0	0	0	0	0	0	0	0	380	328	439	684	1509991935	
1526703360	79102396	79101	0	0	0	0	0	0	0	0	0	0	0	0	0	0	0	0	0	0	378	328	439	684	1509991935	
1526703360	79112836	79112	0	0	0	0	0	0	0	0	0	0	0	0	0	0	0	0	0	0	379	328	439	684	1509991935	
1526703360	79123252	79122	0	0	0	0	0	0	0	0	0	0	0	0	0	0	0	0	0	0	378	328	439	684	1509991935	
1526703360	79131580	79130	0	0	0	0	0	0	0	0	0	0	0	0	0	0	0	0	0	0	379	329	440	685	1509991935	
1526703360	79142020	79141	0	0	0	0	0	0	0	0	0	0	0	0	0	0	0	0	0	0	379	328	439	684	1509991935	
1526703360	79152436	79152	0	0	0	0	0	0	0	0	0	0	0	0	0	0	0	0	0	0	378	328	439	684	1509991935	
1526703360	79162852	79162	0	0	0	0	0	0	0	0	0	0	0	0	0	0	0	0	0	0	378	328	439	683	1509991935	
1526703360	79173284	79172	0	0	0	0	0	0	0	0	0	0	0	0	0	0	0	0	0	0	379	328	439	683	1509991935	
1526703360	79181612	79180	0	0	0	0	0	0	0	0	0	0	0	0	0	0	0	0	0	0	379	329	440	685	1509991935	
1526703360	79192020	79191	0	0	0	0	0	0	0	0	0	0	0	0	0	0	0	0	0	0	379	328	439	684	1509991935	
1526703360	79202452	79202	0	0	0	0	0	0	0	0	0	0	0	0	0	0	0	0	0	0	378	328	439	684	1509991935	
1526703360	79212860	79212	0	0	0	0	0	0	0	0	0	0	0	0	0	0	0	0	0	0	379	328	439	684	1509991935	
1526703360	79223268	79222	0	0	0	0	0	0	0	0	0	0	0	0	0	0	0	0	0	0	378	328	439	683	1509991935	
1526703360	79231612	79230	0	0	0	0	0	0	0	0	0	0	0	0	0	0	0	0	0	0	380	329	440	685	1509991935	
1526703360	79242020	79241	0	0	0	0	0	0	0	0	0	0	0	0	0	0	0	0	0	0	379	328	439	684	1509991935	
1526703360	79252428	79251	0	0	0	0	0	0	0	0	0	0	0	0	0	0	0	0	0	0	378	328	439	683	1509991935	
1526703360	79262868	79262	0	0	0	0	0	0	0	0	0	0	0	0	0	0	0	0	0	0	378	328	439	684	1509991935	
1526703360	79273276	79272	0	0	0	0	0	0	0	0	0	0	0	0	0	0	0	0	0	0	378	328	439	683	1509991935	
1526703360	79281604	79281	0	0	0	0	0	0	0	0	0	0	0	0	0	0	0	0	0	0	379	329	440	685	1509991935	
1526703360	79292036	79291	0	0	0	0	0	0	0	0	0	0	0	0	0	0	0	0	0	0	378	328	439	684	1509991935	
1526703360	79302444	79301	0	0	0	0	0	0	0	0	0	0	0	0	0	0	0	0	0	0	378	328	439	684	1509991935	
1526703360	79312852	79311	0	0	0	0	0	0	0	0	0	0	0	0	0	0	0	0	0	0	379	328	439	684	1509991935	
1526703360	79323292	79323	0	0	0	0	0	0	0	0	0	0	0	0	0	0	0	0	0	0	378	328	439	683	1509991935	
1526703360	79331628	79331	0	0	0	0	0	0	0	0	0	0	0	0	0	0	0	0	0	0	379	329	440	684	1509991935	
1526703360	79342044	79341	0	0	0	0	0	0	0	0	0	0	0	0	0	0	0	0	0	0	379	328	439	684	1509991935	
1526703360	79352476	79351	0	0	0	0	0	0	0	0	0	0	0	0	0	0	0	0	0	0	378	328	439	684	1509991935	
1526703360	79362892	79362	0	0	0	0	0	0	0	0	0	0	0	0	0	0	0	0	0	0	378	328	439	684	1509991935	
1526703360	79373308	79373	0	0	0	0	0	0	0	0	0	0	0	0	0	0	0	0	0	0	378	328	439	683	1509991935	
1526703360	79381660	79381	0	0	0	0	0	0	0	0	0	0	0	0	0	0	0	0	0	0	379	328	440	684	1509991935	
1526703360	79392076	79391	0	0	0	0	0	0	0	0	0	0	0	0	0	0	0	0	0	0	379	328	439	684	1509991935	
1526703360	79402492	79401	0	0	0	0	0	0	0	0	0	0	0	0	0	0	0	0	0	0	397	329	439	683	1509991935	
1526703360	79412924	79412	0	0	0	0	0	0	0	0	0	0	0	0	0	0	0	0	0	0	379	328	439	683	1509991935	
1526703360	79421260	79420	0	0	0	0	0	0	0	0	0	0	0	0	0	0	0	0	0	0	379	329	440	685	1509991935	
1526703360	79431676	79431	0	0	0	0	0	0	0	0	0	0	0	0	0	0	0	0	0	0	379	328	439	684	1509991935	
1526703360	79442100	79441	0	0	0	0	0	0	0	0	0	0	0	0	0	0	0	0	0	0	378	328	439	683	1509991935	
1526703360	79452516	79452	0	0	0	0	0	0	0	0	0	0	0	0	0	0	0	0	0	0	379	328	439	684	1509991935	
1526703360	79462940	79462	0	0	0	0	0	0	0	0	0	0	0	0	0	0	0	0	0	0	397	329	439	683	1509991935	
1526703360	79471292	79470	0	0	0	0	0	0	0	0	0	0	0	0	0	0	0	0	0	0	379	329	440	685	1509991935	
1526703360	79481700	79480	0	0	0	0	0	0	0	0	0	0	0	0	0	0	0	0	0	0	379	328	439	684	1509991935	
1526703360	79492132	79492	0	0	0	0	0	0	0	0	0	0	0	0	0	0	0	0	0	0	378	328	439	684	1509991935	
1526703360	79502548	79502	0	0	0	0	0	0	0	0	0	0	0	0	0	0	0	0	0	0	378	328	439	683	1509991935	
1526703360	79512964	79512	0	0	0	0	0	0	0	0	0	0	0	0	0	0	0	0	0	0	378	328	439	684	1509991935	
1526703360	79521308	79520	0	0	0	0	0	0	0	0	0	0	0	0	0	0	0	0	0	0	398	330	440	685	1509991935	
1526703360	79531732	79531	0	0	0	0	0	0	0	0	0	0	0	0	0	0	0	0	0	0	379	328	439	684	1509991935	
1526703360	79542148	79541	0	0	0	0	0	0	0	0	0	0	0	0	0	0	0	0	0	0	378	328	439	684	1509991935	
1526703360	79552588	79552	0	0	0	0	0	0	0	0	0	0	0	0	0	0	0	0	0	0	378	328	439	684	1509991935	
1526703360	79563004	79562	0	0	0	0	0	0	0	0	0	0	0	0	0	0	0	0	0	0	378	328	439	684	1509991935	
1526703360	79571340	79570	0	0	0	0	0	0	0	0	0	0	0	0	0	0	0	0	0	0	379	329	440	685	1509991935	
1526703360	79581772	79581	0	0	0	0	0	0	0	0	0	0	0	0	0	0	0	0	0	0	379	328	439	684	1509991935	
1526703360	79592188	79591	0	0	0	0	0	0	0	0	0	0	0	0	0	0	0	0	0	0	378	328	439	684	1509991935	
1526703360	79602596	79601	0	0	0	0	0	0	0	0	0	0	0	0	0	0	0	0	0	0	378	328	439	684	1509991935	
1526703360	79613040	79612	0	0	0	0	0	0	0	0	0	0	0	0	0	0	0	0	0	0	378	328	439	684	1509991935	
1526703360	79621380	79621	0	0	0	0	0	0	0	0	0	0	0	0	0	0	0	0	0	0	379	328	440	684	1509991935	
1526703360	79631788	79631	0	0	0	0	0	0	0	0	0	0	0	0	0	0	0	0	0	0	379	328	439	684	1509991935	
1526703360	79642236	79641	0	0	0	0	0	0	0	0	0	0	0	0	0	0	0	0	0	0	378	328	439	684	1509991935	
1526703360	79652652	79651	0	0	0	0	0	0	0	0	0	0	0	0	0	0	0	0	0	0	378	328	439	684	1509991935	
1526703360	79660988	79660	0	0	0	0	0	0	0	0	0	0	0	0	0	0	0	0	0	0	379	329	440	685	1509991935	
1526703360	79671428	79671	0	0	0	0	0	0	0	0	0	0	0	0	0	0	0	0	0	0	380	328	439	684	1509991935	
1526703360	79681844	79681	0	0	0	0	0	0	0	0	0	0	0	0	0	0	0	0	0	0	378	328	439	684	1509991935	
1526703360	79692260	79691	0	0	0	0	0	0	0	0	0	0	0	0	0	0	0	0	0	0	378	328	439	684	1509991935	
1526703360	79702692	79702	0	0	0	0	0	0	0	0	0	0	0	0	0	0	0	0	0	0	378	328	439	684	1509991935	
1526703360	79711028	79710	0	0	0	0	0	0	0	0	0	0	0	0	0	0	0	0	0	0	379	329	440	685	1509991935	
1526703360	79721444	79720	0	0	0	0	0	0	0	0	0	0	0	0	0	0	0	0	0	0	379	328	439	684	1509991935	
1526703360	79731868	79731	0	0	0	0	0	0	0	0	0	0	0	0	0	0	0	0	0	0	378	328	439	683	1509991935	
1526703360	79742284	79741	0	0	0	0	0	0	0	0	0	0	0	0	0	0	0	0	0	0	378	328	439	684	1509991935	
1526703360	79752700	79752	0	0	0	0	0	0	0	0	0	0	0	0	0	0	0	0	0	0	397	329	439	684	1509991935	
1526703360	79761052	79760	0	0	0	0	0	0	0	0	0	0	0	0	0	0	0	0	0	0	379	329	440	685	1509991935	
1526703360	79771468	79770	0	0	0	0	0	0	0	0	0	0	0	0	0	0	0	0	0	0	378	328	439	683	1509991935	
1526703360	79781884	79781	0	0	0	0	0	0	0	0	0	0	0	0	0	0	0	0	0	0	378	328	439	684	1509991935	
1526703360	79792308	79792	0	0	0	0	0	0	0	0	0	0	0	0	0	0	0	0	0	0	379	328	439	684	1509991935	
1526703360	79802716	79802	0	0	0	0	0	0	0	0	0	0	0	0	0	0	0	0	0	0	378	328	439	684	1509991935	
1526703360	79811052	79810	0	0	0	0	0	0	0	0	0	0	0	0	0	0	0	0	0	0	379	329	440	684	1509991935	
1526703360	79821476	79820	0	0	0	0	0	0	0	0	0	0	0	0	0	0	0	0	0	0	379	328	439	684	1509991935	
1526703360	79831892	79831	0	0	0	0	0	0	0	0	0	0	0	0	0	0	0	0	0	0	379	328	439	684	1509991935	
1526703360	79842316	79842	0	0	0	0	0	0	0	0	0	0	0	0	0	0	0	0	0	0	378	328	439	684	1509991935	
1526703360	79852740	79852	0	0	0	0	0	0	0	0	0	0	0	0	0	0	0	0	0	0	378	328	439	684	1509991935	
1526703360	79861076	79860	0	0	0	0	0	0	0	0	0	0	0	0	0	0	0	0	0	0	380	328	439	684	1509991935	
1526703360	79871492	79870	0	0	0	0	0	0	0	0	0	0	0	0	0	0	0	0	0	0	398	329	439	684	1509991935	
1526703360	79881924	79881	0	0	0	0	0	0	0	0	0	0	0	0	0	0	0	0	0	0	379	328	439	683	1509991935	
1526703360	79892332	79891	0	0	0	0	0	0	0	0	0	0	0	0	0	0	0	0	0	0	378	328	439	684	1509991935	
1526703360	79902764	79902	0	0	0	0	0	0	0	0	0	0	0	0	0	0	0	0	0	0	378	328	439	684	1509991935	
1526703360	79911100	79910	0	0	0	0	0	0	0	0	0	0	0	0	0	0	0	0	0	0	379	329	440	684	1509991935	
1526703360	79921516	79921	0	0	0	0	0	0	0	0	0	0	0	0	0	0	0	0	0	0	379	328	439	684	1509991935	
1526703360	79931948	79931	0	0	0	0	0	0	0	0	0	0	0	0	0	0	0	0	0	0	397	329	439	684	1509991935	
1526703360	79942380	79941	0	0	0	0	0	0	0	0	0	0	0	0	0	0	0	0	0	0	378	328	439	683	1509991935	
1526703360	79950716	79949	0	0	0	0	0	0	0	0	0	0	0	0	0	0	0	0	0	0	379	329	440	685	1509991935	
1526703360	79961148	79961	0	0	0	0	0	0	0	0	0	0	0	0	0	0	0	0	0	0	379	329	439	684	1509991935	
1526703360	79971572	79971	0	0	0	0	0	0	0	0	0	0	0	0	0	0	0	0	0	0	378	328	439	684	1509991935	
1526703360	79981988	79981	0	0	0	0	0	0	0	0	0	0	0	0	0	0	0	0	0	0	379	328	439	684	1509991935	
1526703360	79992428	79991	0	0	0	0	0	0	0	0	0	0	0	0	0	0	0	0	0	0	378	328	439	684	1509991935	
1526703360	80000764	80000	0	0	0	0	0	0	0	0	0	0	0	0	0	0	0	0	0	0	379	329	440	685	1509991935	
1526703360	80011180	80010	0	0	0	0	0	0	0	0	0	0	0	0	0	0	0	0	0	0	379	328	439	684	1509991935	
1526703360	80021620	80021	0	0	0	0	0	0	0	0	0	0	0	0	0	0	0	0	0	0	378	328	439	684	1509991935	
1526703360	80032036	80031	0	0	0	0	0	0	0	0	0	0	0	0	0	0	0	0	0	0	379	328	439	684	1509991935	
1526703360	80042452	80041	0	0	0	0	0	0	0	0	0	0	0	0	0	0	0	0	0	0	378	328	439	684	1509991935	
1526703360	80050804	80050	0	0	0	0	0	0	0	0	0	0	0	0	0	0	0	0	0	0	380	329	440	685	1509991935	
1526703360	80061220	80060	0	0	0	0	0	0	0	0	0	0	0	0	0	0	0	0	0	0	378	328	439	684	1509991935	
1526703360	80071636	80070	0	0	0	0	0	0	0	0	0	0	0	0	0	0	0	0	0	0	379	328	439	684	1509991935	
1526703360	80082076	80081	0	0	0	0	0	0	0	0	0	0	0	0	0	0	0	0	0	0	378	328	439	684	1509991935	
1526703360	80092492	80092	0	0	0	0	0	0	0	0	0	0	0	0	0	0	0	0	0	0	379	328	439	684	1509991935	
1526703360	80100828	80100	0	0	0	0	0	0	0	0	0	0	0	0	0	0	0	0	0	0	380	329	439	684	1509991935	
1526703360	80111260	80110	0	0	0	0	0	0	0	0	0	0	0	0	0	0	0	0	0	0	378	328	439	684	1509991935	
1526703360	80121676	80120	0	0	0	0	0	0	0	0	0	0	0	0	0	0	0	0	0	0	378	328	439	683	1509991935	
1526703360	80132092	80132	0	0	0	0	0	0	0	0	0	0	0	0	0	0	0	0	0	0	378	328	439	683	1509991935	
1526703360	80140436	80140	0	0	0	0	0	0	0	0	0	0	0	0	0	0	0	0	0	0	379	329	440	685	1509991935	
1526703360	80150852	80150	0	0	0	0	0	0	0	0	0	0	0	0	0	0	0	0	0	0	380	329	439	684	1509991935	
1526703360	80161268	80160	0	0	0	0	0	0	0	0	0	0	0	0	0	0	0	0	0	0	379	328	439	684	1509991935	
1526703360	80171684	80171	0	0	0	0	0	0	0	0	0	0	0	0	0	0	0	0	0	0	378	328	439	684	1509991935	
1526703360	80182092	80181	0	0	0	0	0	0	0	0	0	0	0	0	0	0	0	0	0	0	378	328	439	684	1509991935	
1526703360	80190420	80189	0	0	0	0	0	0	0	0	0	0	0	0	0	0	0	0	0	0	380	329	440	685	1509991935	
1526703360	80200860	80200	0	0	0	0	0	0	0	0	0	0	0	0	0	0	0	0	0	0	379	329	439	684	1509991935	
1526703360	80211268	80210	0	0	0	0	0	0	0	0	0	0	0	0	0	0	0	0	0	0	378	328	439	683	1509991935	
1526703360	80221676	80221	0	0	0	0	0	0	0	0	0	0	0	0	0	0	0	0	0	0	378	328	439	684	1509991935	
1526703360	80232100	80231	0	0	0	0	0	0	0	0	0	0	0	0	0	0	0	0	0	0	379	328	439	684	1509991935	
1526703360	80240428	80239	0	0	0	0	0	0	0	0	0	0	0	0	0	0	0	0	0	0	380	329	440	685	1509991935	
1526703360	80250836	80249	0	0	0	0	0	0	0	0	0	0	0	0	0	0	0	0	0	0	379	328	439	684	1509991935	
1526703360	80261276	80261	0	0	0	0	0	0	0	0	0	0	0	0	0	0	0	0	0	0	379	328	439	684	1509991935	
1526703360	80271684	80271	0	0	0	0	0	0	0	0	0	0	0	0	0	0	0	0	0	0	379	328	439	684	1509991935	
1526703360	80282092	80281	0	0	0	0	0	0	0	0	0	0	0	0	0	0	0	0	0	0	378	328	439	684	1509991935	
1526703360	80290436	80289	0	0	0	0	0	0	0	0	0	0	0	0	0	0	0	0	0	0	379	329	440	685	1509991935	
1526703360	80300852	80300	0	0	0	0	0	0	0	0	0	0	0	0	0	0	0	0	0	0	379	328	439	684	1509991935	
1526703360	80311260	80310	0	0	0	0	0	0	0	0	0	0	0	0	0	0	0	0	0	0	378	328	439	684	1509991935	
1526703360	80321692	80321	0	0	0	0	0	0	0	0	0	0	0	0	0	0	0	0	0	0	378	328	439	684	1509991935	
1526703360	80332108	80331	0	0	0	0	0	0	0	0	0	0	0	0	0	0	0	0	0	0	379	328	439	684	1509991935	
1526703360	80340444	80339	0	0	0	0	0	0	0	0	0	0	0	0	0	0	0	0	0	0	379	329	440	685	1509991935	
1526703360	80350876	80350	0	0	0	0	0	0	0	0	0	0	0	0	0	0	0	0	0	0	379	328	439	684	1509991935	
1526703360	80361292	80360	0	0	0	0	0	0	0	0	0	0	0	0	0	0	0	0	0	0	378	328	439	684	1509991935	
1526703360	80371708	80371	0	0	0	0	0	0	0	0	0	0	0	0	0	0	0	0	0	0	379	328	439	684	1509991935	
1526703360	80382132	80381	0	0	0	0	0	0	0	0	0	0	0	0	0	0	0	0	0	0	378	328	439	684	1509991935	
1526703360	80390468	80390	0	0	0	0	0	0	0	0	0	0	0	0	0	0	0	0	0	0	380	329	440	685	1509991935	
1526703360	80400884	80400	0	0	0	0	0	0	0	0	0	0	0	0	0	0	0	0	0	0	379	328	439	684	1509991935	
1526703360	80411308	80410	0	0	0	0	0	0	0	0	0	0	0	0	0	0	0	0	0	0	378	328	439	684	1509991935	
1526703360	80421724	80420	0	0	0	0	0	0	0	0	0	0	0	0	0	0	0	0	0	0	379	328	439	684	1509991935	
1526703360	80432148	80432	0	0	0	0	0	0	0	0	0	0	0	0	0	0	0	0	0	0	379	328	439	684	1509991935	
1526703360	80440484	80440	0	0	0	0	0	0	0	0	0	0	0	0	0	0	0	0	0	0	379	329	440	684	1509991935	
1526703360	80450900	80450	0	0	0	0	0	0	0	0	0	0	0	0	0	0	0	0	0	0	379	328	439	684	1509991935	
1526703360	80461316	80460	0	0	0	0	0	0	0	0	0	0	0	0	0	0	0	0	0	0	397	329	439	684	1509991935	
1526703360	80471748	80471	0	0	0	0	0	0	0	0	0	0	0	0	0	0	0	0	0	0	379	328	439	684	1509991935	
1526703360	80480084	80479	0	0	0	0	0	0	0	0	0	0	0	0	0	0	0	0	0	0	380	329	440	685	1509991935	
1526703360	80490508	80490	0	0	0	0	0	0	0	0	0	0	0	0	0	0	0	0	0	0	380	329	439	684	1509991935	
1526703360	80500932	80500	0	0	0	0	0	0	0	0	0	0	0	0	0	0	0	0	0	0	378	328	439	684	1509991935	
1526703360	80511348	80510	0	0	0	0	0	0	0	0	0	0	0	0	0	0	0	0	0	0	379	328	439	684	1509991935	
1526703360	80521780	80521	0	0	0	0	0	0	0	0	0	0	0	0	0	0	0	0	0	0	383	328	439	684	1509991935	
1526703360	80530124	80529	0	0	0	0	0	0	0	0	0	0	0	0	0	0	0	0	0	0	379	329	440	685	1509991935	
1526703360	80540540	80539	0	0	0	0	0	0	0	0	0	0	0	0	0	0	0	0	0	0	379	328	439	684	1509991935	
1526703360	80550964	80550	0	0	0	0	0	0	0	0	0	0	0	0	0	0	0	0	0	0	379	328	439	684	1509991935	
1526703360	80561380	80561	0	0	0	0	0	0	0	0	0	0	0	0	0	0	0	0	0	0	378	328	439	684	1509991935	
1526703360	80571796	80571	0	0	0	0	0	0	0	0	0	0	0	0	0	0	0	0	0	0	379	328	439	684	1509991935	
1526703360	80580148	80579	0	0	0	0	0	0	0	0	0	0	0	0	0	0	0	0	0	0	384	329	440	684	1509991935	
1526703360	80590580	80589	0	0	0	0	0	0	0	0	0	0	0	0	0	0	0	0	0	0	379	328	439	684	1509991935	
1526703360	80600996	80600	0	0	0	0	0	0	0	0	0	0	0	0	0	0	0	0	0	0	379	328	439	684	1509991935	
1526703360	80611436	80611	0	0	0	0	0	0	0	0	0	0	0	0	0	0	0	0	0	0	378	328	439	684	1509991935	
1526703360	80621852	80621	0	0	0	0	0	0	0	0	0	0	0	0	0	0	0	0	0	0	379	328	439	684	1509991935	
1526703360	80630188	80629	0	0	0	0	0	0	0	0	0	0	0	0	0	0	0	0	0	0	380	329	440	685	1509991935	
1526703360	80640636	80640	0	0	0	0	0	0	0	0	0	0	0	0	0	0	0	0	0	0	379	328	439	684	1509991935	
1526703360	80651052	80650	0	0	0	0	0	0	0	0	0	0	0	0	0	0	0	0	0	0	378	328	439	684	1509991935	
1526703360	80661468	80660	0	0	0	0	0	0	0	0	0	0	0	0	0	0	0	0	0	0	378	328	439	684	1509991935	
1526703360	80671900	80671	0	0	0	0	0	0	0	0	0	0	0	0	0	0	0	0	0	0	379	328	439	684	1509991935	
1526703360	80680236	80679	0	0	0	0	0	0	0	0	0	0	0	0	0	0	0	0	0	0	379	328	440	685	1509991935	
1526703360	80690652	80690	0	0	0	0	0	0	0	0	0	0	0	0	0	0	0	0	0	0	379	328	439	684	1509991935	
1526703360	80701084	80700	0	0	0	0	0	0	0	0	0	0	0	0	0	0	0	0	0	0	378	328	439	684	1509991935	
1526703360	80711500	80710	0	0	0	0	0	0	0	0	0	0	0	0	0	0	0	0	0	0	378	328	439	684	1509991935	
1526703360	80719836	80718	0	0	0	0	0	0	0	0	0	0	0	0	0	0	0	0	0	0	380	329	440	685	1509991935	
1526703360	80730268	80730	0	0	0	0	0	0	0	0	0	0	0	0	0	0	0	0	0	0	379	328	439	684	1509991935	
1526703360	80740684	80740	0	0	0	0	0	0	0	0	0	0	0	0	0	0	0	0	0	0	379	328	439	684	1509991935	
1526703360	80751100	80750	0	0	0	0	0	0	0	0	0	0	0	0	0	0	0	0	0	0	398	329	439	684	1509991935	
1526703360	80761532	80760	0	0	0	0	0	0	0	0	0	0	0	0	0	0	0	0	0	0	378	328	439	684	1509991935	
1526703360	80769868	80769	0	0	0	0	0	0	0	0	0	0	0	0	0	0	0	0	0	0	380	329	440	685	1509991935	
1526703360	80780284	80780	0	0	0	0	0	0	0	0	0	0	0	0	0	0	0	0	0	0	379	328	439	684	1509991935	
1526703360	80790708	80790	0	0	0	0	0	0	0	0	0	0	0	0	0	0	0	0	0	0	379	328	439	684	1509991935	
1526703360	80801124	80800	0	0	0	0	0	0	0	0	0	0	0	0	0	0	0	0	0	0	378	328	439	684	1509991935	
1526703360	80811548	80811	0	0	0	0	0	0	0	0	0	0	0	0	0	0	0	0	0	0	398	329	439	684	1509991935	
1526703360	80819900	80819	0	0	0	0	0	0	0	0	0	0	0	0	0	0	0	0	0	0	380	329	440	685	1509991935	
1526703360	80830316	80829	0	0	0	0	0	0	0	0	0	0	0	0	0	0	0	0	0	0	378	329	439	684	1509991935	
1526703360	80840748	80840	0	0	0	0	0	0	0	0	0	0	0	0	0	0	0	0	0	0	379	328	439	684	1509991935	
1526703360	80851164	80850	0	0	0	0	0	0	0	0	0	0	0	0	0	0	0	0	0	0	378	328	439	684	1509991935	
1526703360	80861580	80861	0	0	0	0	0	0	0	0	0	0	0	0	0	0	0	0	0	0	379	328	439	684	1509991935	
1526703360	80869932	80869	0	0	0	0	0	0	0	0	0	0	0	0	0	0	0	0	0	0	399	330	440	684	1509991935	
1526703360	80880364	80879	0	0	0	0	0	0	0	0	0	0	0	0	0	0	0	0	0	0	379	328	439	684	1509991935	
1526703360	80890780	80889	0	0	0	0	0	0	0	0	0	0	0	0	0	0	0	0	0	0	378	328	439	684	1509991935	
1526703360	80901220	80901	0	0	0	0	0	0	0	0	0	0	0	0	0	0	0	0	0	0	378	328	439	684	1509991935	
1526703360	80911636	80911	0	0	0	0	0	0	0	0	0	0	0	0	0	0	0	0	0	0	379	328	439	684	1509991935	
1526703360	80919972	80919	0	0	0	0	0	0	0	0	0	0	0	0	0	0	0	0	0	0	379	328	440	685	1509991935	
1526703360	80930412	80929	0	0	0	0	0	0	0	0	0	0	0	0	0	0	0	0	0	0	379	328	439	684	1509991935	
1526703360	80940828	80940	0	0	0	0	0	0	0	0	0	0	0	0	0	0	0	0	0	0	378	328	439	684	1509991935	
1526703360	80951244	80950	0	0	0	0	0	0	0	0	0	0	0	0	0	0	0	0	0	0	379	328	439	684	1509991935	
1526703360	80959604	80959	0	0	0	0	0	0	0	0	0	0	0	0	0	0	0	0	0	0	379	329	440	685	1509991935	
1526703360	80970020	80969	0	0	0	0	0	0	0	0	0	0	0	0	0	0	0	0	0	0	380	328	439	684	1509991935	
1526703360	80980436	80979	0	0	0	0	0	0	0	0	0	0	0	0	0	0	0	0	0	0	378	328	439	684	1509991935	
1526703360	80990868	80990	0	0	0	0	0	0	0	0	0	0	0	0	0	0	0	0	0	0	379	328	439	684	1509991935	
1526703360	81001284	81000	0	0	0	0	0	0	0	0	0	0	0	0	0	0	0	0	0	0	378	328	439	684	1509991935	
1526703360	81009620	81008	0	0	0	0	0	0	0	0	0	0	0	0	0	0	0	0	0	0	380	329	440	685	1509991935	
1526703360	81020060	81019	0	0	0	0	0	0	0	0	0	0	0	0	0	0	0	0	0	0	378	328	440	684	1509991935	
1526703360	81030468	81030	0	0	0	0	0	0	0	0	0	0	0	0	0	0	0	0	0	0	379	328	439	684	1509991935	
1526703360	81040876	81040	0	0	0	0	0	0	0	0	0	0	0	0	0	0	0	0	0	0	379	328	439	684	1509991935	
1526703360	81051300	81050	0	0	0	0	0	0	0	0	0	0	0	0	0	0	0	0	0	0	379	328	439	684	1509991935	
1526703360	81059636	81058	0	0	0	0	0	0	0	0	0	0	0	0	0	0	0	0	0	0	379	329	440	685	1509991935	
1526703360	81070052	81069	0	0	0	0	0	0	0	0	0	0	0	0	0	0	0	0	0	0	379	328	439	684	1509991935	
1526703360	81080484	81080	0	0	0	0	0	0	0	0	0	0	0	0	0	0	0	0	0	0	378	328	439	684	1509991935	
1526703360	81090900	81090	0	0	0	0	0	0	0	0	0	0	0	0	0	0	0	0	0	0	379	328	439	684	1509991935	
1526703360	81101316	81100	0	0	0	0	0	0	0	0	0	0	0	0	0	0	0	0	0	0	397	329	439	684	1509991935	
1526703360	81109668	81108	0	0	0	0	0	0	0	0	0	0	0	0	0	0	0	0	0	0	379	329	440	685	1509991935	
1526703360	81120084	81119	0	0	0	0	0	0	0	0	0	0	0	0	0	0	0	0	0	0	379	328	439	684	1509991935	
1526703360	81130508	81130	0	0	0	0	0	0	0	0	0	0	0	0	0	0	0	0	0	0	378	328	439	684	1509991935	
1526703360	81140932	81140	0	0	0	0	0	0	0	0	0	0	0	0	0	0	0	0	0	0	378	328	439	684	1509991935	
1526703360	81151348	81150	0	0	0	0	0	0	0	0	0	0	0	0	0	0	0	0	0	0	379	328	439	684	1509991935	
1526703360	81159684	81159	0	0	0	0	0	0	0	0	0	0	0	0	0	0	0	0	0	0	398	330	440	685	1509991935	
1526703360	81170108	81169	0	0	0	0	0	0	0	0	0	0	0	0	0	0	0	0	0	0	379	328	439	684	1509991935	
1526703360	81180516	81179	0	0	0	0	0	0	0	0	0	0	0	0	0	0	0	0	0	0	378	328	439	684	1509991935	
1526703360	81190932	81190	0	0	0	0	0	0	0	0	0	0	0	0	0	0	0	0	0	0	378	328	439	684	1509991935	
1526703360	81201356	81201	0	0	0	0	0	0	0	0	0	0	0	0	0	0	0	0	0	0	378	328	439	684	1509991935	
1526703360	81209692	81209	0	0	0	0	0	0	0	0	0	0	0	0	0	0	0	0	0	0	379	328	439	685	1509991935	
1526703360	81220116	81219	0	0	0	0	0	0	0	0	0	0	0	0	0	0	0	0	0	0	397	329	439	684	1509991935	
1526703360	81230540	81229	0	0	0	0	0	0	0	0	0	0	0	0	0	0	0	0	0	0	379	328	439	684	1509991935	
1526703360	81240948	81240	0	0	0	0	0	0	0	0	0	0	0	0	0	0	0	0	0	0	378	328	439	684	1509991935	
1526703360	81249292	81249	0	0	0	0	0	0	0	0	0	0	0	0	0	0	0	0	0	0	380	329	440	685	1509991935	
1526703360	81259716	81259	0	0	0	0	0	0	0	0	0	0	0	0	0	0	0	0	0	0	379	329	439	684	1509991935	
1526703360	81270132	81269	0	0	0	0	0	0	0	0	0	0	0	0	0	0	0	0	0	0	379	328	439	684	1509991935	
1526703360	81280556	81280	0	0	0	0	0	0	0	0	0	0	0	0	0	0	0	0	0	0	397	329	439	684	1509991935	
1526703360	81290980	81290	0	0	0	0	0	0	0	0	0	0	0	0	0	0	0	0	0	0	379	328	439	684	1509991935	
1526703360	81299308	81298	0	0	0	0	0	0	0	0	0	0	0	0	0	0	0	0	0	0	380	329	440	685	1509991935	
1526703360	81309732	81309	0	0	0	0	0	0	0	0	0	0	0	0	0	0	0	0	0	0	379	328	439	684	1509991935	
1526703360	81320156	81319	0	0	0	0	0	0	0	0	0	0	0	0	0	0	0	0	0	0	379	328	439	684	1509991935	
1526703360	81330572	81330	0	0	0	0	0	0	0	0	0	0	0	0	0	0	0	0	0	0	378	329	439	684	1509991935	
1526703360	81341020	81340	0	0	0	0	0	0	0	0	0	0	0	0	0	0	0	0	0	0	378	328	439	684	1509991935	
1526703360	81349356	81348	0	0	0	0	0	0	0	0	0	0	0	0	0	0	0	0	0	0	380	329	440	685	1509991935	
1526703360	81359772	81358	0	0	0	0	0	0	0	0	0	0	0	0	0	0	0	0	0	0	379	328	439	684	1509991935	
1526703360	81370212	81370	0	0	0	0	0	0	0	0	0	0	0	0	0	0	0	0	0	0	378	328	439	684	1509991935	
1526703360	81380628	81380	0	0	0	0	0	0	0	0	0	0	0	0	0	0	0	0	0	0	378	328	439	684	1509991935	
1526703360	81391044	81390	0	0	0	0	0	0	0	0	0	0	0	0	0	0	0	0	0	0	378	328	439	684	1509991935	
1526703360	81399396	81398	0	0	0	0	0	0	0	0	0	0	0	0	0	0	0	0	0	0	380	329	440	685	1509991935	
1526703360	81409804	81409	0	0	0	0	0	0	0	0	0	0	0	0	0	0	0	0	0	0	379	329	439	685	1509991935	
1526703360	81420220	81419	0	0	0	0	0	0	0	0	0	0	0	0	0	0	0	0	0	0	378	328	439	684	1509991935	
1526703360	81430660	81430	0	0	0	0	0	0	0	0	0	0	0	0	0	0	0	0	0	0	379	328	439	684	1509991935	
1526703360	81441076	81440	0	0	0	0	0	0	0	0	0	0	0	0	0	0	0	0	0	0	378	328	439	684	1509991935	
1526703360	81449404	81448	0	0	0	0	0	0	0	0	0	0	0	0	0	0	0	0	0	0	379	329	440	685	1509991935	
1526703360	81459844	81459	0	0	0	0	0	0	0	0	0	0	0	0	0	0	0	0	0	0	379	328	439	684	1509991935	
1526703360	81470260	81469	0	0	0	0	0	0	0	0	0	0	0	0	0	0	0	0	0	0	378	328	439	684	1509991935	
1526703360	81480668	81479	0	0	0	0	0	0	0	0	0	0	0	0	0	0	0	0	0	0	378	328	439	684	1509991935	
1526703360	81489020	81488	0	0	0	0	0	0	0	0	0	0	0	0	0	0	0	0	0	0	380	329	440	685	1509991935	
1526703360	81499436	81499	0	0	0	0	0	0	0	0	0	0	0	0	0	0	0	0	0	0	379	329	440	684	1509991935	
1526703360	81509852	81509	0	0	0	0	0	0	0	0	0	0	0	0	0	0	0	0	0	0	379	328	439	684	1509991935	
1526703360	81520284	81519	0	0	0	0	0	0	0	0	0	0	0	0	0	0	0	0	0	0	378	328	439	684	1509991935	
1526703360	81530700	81529	0	0	0	0	0	0	0	0	0	0	0	0	0	0	0	0	0	0	379	328	439	684	1509991935	
1526703360	81539036	81538	0	0	0	0	0	0	0	0	0	0	0	0	0	0	0	0	0	0	379	329	440	685	1509991935	
1526703360	81549468	81549	0	0	0	0	0	0	0	0	0	0	0	0	0	0	0	0	0	0	379	329	439	684	1509991935	
1526703360	81559884	81559	0	0	0	0	0	0	0	0	0	0	0	0	0	0	0	0	0	0	379	328	439	684	1509991935	
1526703360	81570300	81569	0	0	0	0	0	0	0	0	0	0	0	0	0	0	0	0	0	0	397	329	439	684	1509991935	
1526703360	81580732	81580	0	0	0	0	0	0	0	0	0	0	0	0	0	0	0	0	0	0	378	328	439	684	1509991935	
1526703360	81589068	81588	0	0	0	0	0	0	0	0	0	0	0	0	0	0	0	0	0	0	379	329	440	685	1509991935	
1526703360	81599484	81599	0	0	0	0	0	0	0	0	0	0	0	0	0	0	0	0	0	0	379	329	439	684	1509991935	
1526703360	81609908	81609	0	0	0	0	0	0	0	0	0	0	0	0	0	0	0	0	0	0	378	328	439	684	1509991935	
1526703360	81620324	81619	0	0	0	0	0	0	0	0	0	0	0	0	0	0	0	0	0	0	379	328	439	684	1509991935	
1526703360	81630748	81630	0	0	0	0	0	0	0	0	0	0	0	0	0	0	0	0	0	0	398	330	439	684	1509991935	
1526703360	81639100	81638	0	0	0	0	0	0	0	0	0	0	0	0	0	0	0	0	0	0	380	329	440	685	1509991935	
1526703360	81649516	81648	0	0	0	0	0	0	0	0	0	0	0	0	0	0	0	0	0	0	378	328	440	684	1509991935	
1526703360	81659948	81659	0	0	0	0	0	0	0	0	0	0	0	0	0	0	0	0	0	0	379	328	439	684	1509991935	
1526703360	81670364	81670	0	0	0	0	0	0	0	0	0	0	0	0	0	0	0	0	0	0	378	329	439	684	1509991935	
1526703360	81680780	81680	0	0	0	0	0	0	0	0	0	0	0	0	0	0	0	0	0	0	378	328	439	684	1509991935	
1526703360	81689132	81688	0	0	0	0	0	0	0	0	0	0	0	0	0	0	0	0	0	0	398	330	440	685	1509991935	
1526703360	81699564	81698	0	0	0	0	0	0	0	0	0	0	0	0	0	0	0	0	0	0	378	329	439	684	1509991935	
1526703360	81709980	81709	0	0	0	0	0	0	0	0	0	0	0	0	0	0	0	0	0	0	378	328	439	684	1509991935	
1526703360	81720420	81720	0	0	0	0	0	0	0	0	0	0	0	0	0	0	0	0	0	0	379	328	439	684	1509991935	
1526703360	81728756	81728	0	0	0	0	0	0	0	0	0	0	0	0	0	0	0	0	0	0	380	329	440	685	1509991935	
1526703360	81739172	81738	0	0	0	0	0	0	0	0	0	0	0	0	0	0	0	0	0	0	379	328	439	684	1509991935	
1526703360	81749612	81748	0	0	0	0	0	0	0	0	0	0	0	0	0	0	0	0	0	0	379	328	439	684	1509991935	
1526703360	81760028	81759	0	0	0	0	0	0	0	0	0	0	0	0	0	0	0	0	0	0	379	328	439	684	1509991935	
1526703360	81770444	81769	0	0	0	0	0	0	0	0	0	0	0	0	0	0	0	0	0	0	379	328	439	684	1509991935	
1526703360	81778804	81778	0	0	0	0	0	0	0	0	0	0	0	0	0	0	0	0	0	0	380	329	440	685	1509991935	
1526703360	81789220	81788	0	0	0	0	0	0	0	0	0	0	0	0	0	0	0	0	0	0	379	328	439	685	1509991935	
1526703360	81799628	81799	0	0	0	0	0	0	0	0	0	0	0	0	0	0	0	0	0	0	378	328	439	684	1509991935	
1526703360	81810060	81809	0	0	0	0	0	0	0	0	0	0	0	0	0	0	0	0	0	0	379	328	439	684	1509991935	
1526703360	81820476	81819	0	0	0	0	0	0	0	0	0	0	0	0	0	0	0	0	0	0	379	328	439	683	1509991935	
1526703360	81828812	81827	0	0	0	0	0	0	0	0	0	0	0	0	0	0	0	0	0	0	380	329	440	685	1509991935	
1526703360	81839252	81839	0	0	0	0	0	0	0	0	0	0	0	0	0	0	0	0	0	0	379	328	439	684	1509991935	
1526703360	81849668	81849	0	0	0	0	0	0	0	0	0	0	0	0	0	0	0	0	0	0	378	328	439	684	1509991935	
1526703360	81860084	81859	0	0	0	0	0	0	0	0	0	0	0	0	0	0	0	0	0	0	378	328	439	684	1509991935	
1526703360	81870508	81869	0	0	0	0	0	0	0	0	0	0	0	0	0	0	0	0	0	0	378	328	439	684	1509991935	
1526703360	81878844	81878	0	0	0	0	0	0	0	0	0	0	0	0	0	0	0	0	0	0	379	329	440	685	1509991935	
1526703360	81889260	81888	0	0	0	0	0	0	0	0	0	0	0	0	0	0	0	0	0	0	379	329	439	684	1509991935	
1526703360	81899692	81899	0	0	0	0	0	0	0	0	0	0	0	0	0	0	0	0	0	0	378	328	439	684	1509991935	
1526703360	81910108	81909	0	0	0	0	0	0	0	0	0	0	0	0	0	0	0	0	0	0	379	328	439	684	1509991935	
1526703360	81920532	81920	0	0	0	0	0	0	0	0	0	0	0	0	0	0	0	0	0	0	397	329	439	684	1509991935	
1526703360	81928876	81928	0	0	0	0	0	0	0	0	0	0	0	0	0	0	0	0	0	0	379	329	440	684	1509991935	
1526703360	81939284	81938	0	0	0	0	0	0	0	0	0	0	0	0	0	0	0	0	0	0	379	328	439	684	1509991935	
1526703360	81949708	81949	0	0	0	0	0	0	0	0	0	0	0	0	0	0	0	0	0	0	379	328	439	684	1509991935	
1526703360	81960124	81959	0	0	0	0	0	0	0	0	0	0	0	0	0	0	0	0	0	0	379	328	439	683	1509991935	
1526703360	81970540	81970	0	0	0	0	0	0	0	0	0	0	0	0	0	0	0	0	0	0	378	328	439	684	1509991935	
1526703360	81978876	81978	0	0	0	0	0	0	0	0	0	0	0	0	0	0	0	0	0	0	398	330	440	685	1509991935	
1526703360	81989308	81988	0	0	0	0	0	0	0	0	0	0	0	0	0	0	0	0	0	0	379	328	439	684	1509991935	
1526703360	81999724	81998	0	0	0	0	0	0	0	0	0	0	0	0	0	0	0	0	0	0	379	328	439	684	1509991935	
1526703360	82010156	82010	0	0	0	0	0	0	0	0	0	0	0	0	0	0	0	0	0	0	378	328	439	684	1509991935	
1526703360	82018492	82018	0	0	0	0	0	0	0	0	0	0	0	0	0	0	0	0	0	0	379	329	440	685	1509991935	
1526703360	82028908	82028	0	0	0	0	0	0	0	0	0	0	0	0	0	0	0	0	0	0	380	328	439	684	1509991935	
1526703360	82039340	82038	0	0	0	0	0	0	0	0	0	0	0	0	0	0	0	0	0	0	397	329	440	684	1509991935	
1526703360	82049772	82049	0	0	0	0	0	0	0	0	0	0	0	0	0	0	0	0	0	0	378	328	439	684	1509991935	
1526703360	82060188	82059	0	0	0	0	0	0	0	0	0	0	0	0	0	0	0	0	0	0	378	328	439	684	1509991935	
1526703360	82068540	82068	0	0	0	0	0	0	0	0	0	0	0	0	0	0	0	0	0	0	379	329	440	685	1509991935	
1526703360	82078964	82078	0	0	0	0	0	0	0	0	0	0	0	0	0	0	0	0	0	0	379	329	439	684	1509991935	
1526703360	82089380	82088	0	0	0	0	0	0	0	0	0	0	0	0	0	0	0	0	0	0	378	328	439	683	1509991935	
1526703360	82099820	82099	0	0	0	0	0	0	0	0	0	0	0	0	0	0	0	0	0	0	378	328	439	684	1509991935	
1526703360	82110236	82109	0	0	0	0	0	0	0	0	0	0	0	0	0	0	0	0	0	0	378	328	439	684	1509991935	
1526703360	82118572	82117	0	0	0	0	0	0	0	0	0	0	0	0	0	0	0	0	0	0	379	329	440	685	1509991935	
1526703360	82129012	82128	0	0	0	0	0	0	0	0	0	0	0	0	0	0	0	0	0	0	378	328	439	684	1509991935	
1526703360	82139428	82139	0	0	0	0	0	0	0	0	0	0	0	0	0	0	0	0	0	0	379	328	439	684	1509991935	
1526703360	82149836	82149	0	0	0	0	0	0	0	0	0	0	0	0	0	0	0	0	0	0	379	328	439	684	1509991935	
1526703360	82160268	82159	0	0	0	0	0	0	0	0	0	0	0	0	0	0	0	0	0	0	378	328	439	684	1509991935	
1526703360	82168604	82167	0	0	0	0	0	0	0	0	0	0	0	0	0	0	0	0	0	0	380	329	440	685	1509991935	
1526703360	82179020	82178	0	0	0	0	0	0	0	0	0	0	0	0	0	0	0	0	0	0	378	328	439	684	1509991935	
1526703360	82189460	82189	0	0	0	0	0	0	0	0	0	0	0	0	0	0	0	0	0	0	379	328	439	684	1509991935	
1526703360	82199868	82199	0	0	0	0	0	0	0	0	0	0	0	0	0	0	0	0	0	0	379	328	439	684	1509991935	
1526703360	82210276	82209	0	0	0	0	0	0	0	0	0	0	0	0	0	0	0	0	0	0	379	328	439	684	1509991935	
1526703360	82218620	82217	0	0	0	0	0	0	0	0	0	0	0	0	0	0	0	0	0	0	379	329	440	684	1509991935	
1526703360	82229028	82228	0	0	0	0	0	0	0	0	0	0	0	0	0	0	0	0	0	0	379	328	439	684	1509991935	
1526703360	82239436	82238	0	0	0	0	0	0	0	0	0	0	0	0	0	0	0	0	0	0	378	328	439	684	1509991935	
1526703360	82249876	82249	0	0	0	0	0	0	0	0	0	0	0	0	0	0	0	0	0	0	378	328	439	684	1509991935	
1526703360	82258204	82257	0	0	0	0	0	0	0	0	0	0	0	0	0	0	0	0	0	0	380	329	440	685	1509991935	
1526703360	82268612	82268	0	0	0	0	0	0	0	0	0	0	0	0	0	0	0	0	0	0	379	328	440	685	1509991935	
1526703360	82279044	82278	0	0	0	0	0	0	0	0	0	0	0	0	0	0	0	0	0	0	378	328	439	684	1509991935	
1526703360	82289452	82288	0	0	0	0	0	0	0	0	0	0	0	0	0	0	0	0	0	0	378	328	439	684	1509991935	
1526703360	82299860	82298	0	0	0	0	0	0	0	0	0	0	0	0	0	0	0	0	0	0	378	328	439	684	1509991935	
1526703360	82308220	82308	0	0	0	0	0	0	0	0	0	0	0	0	0	0	0	0	0	0	380	329	440	685	1509991935	
1526703360	82318628	82318	0	0	0	0	0	0	0	0	0	0	0	0	0	0	0	0	0	0	379	328	439	684	1509991935	
1526703360	82329044	82328	0	0	0	0	0	0	0	0	0	0	0	0	0	0	0	0	0	0	378	328	439	684	1509991935	
1526703360	82339468	82338	0	0	0	0	0	0	0	0	0	0	0	0	0	0	0	0	0	0	378	328	439	684	1509991935	
1526703360	82349884	82349	0	0	0	0	0	0	0	0	0	0	0	0	0	0	0	0	0	0	379	328	439	684	1509991935	
1526703360	82358220	82357	0	0	0	0	0	0	0	0	0	0	0	0	0	0	0	0	0	0	379	329	440	685	1509991935	
1526703360	82368660	82368	0	0	0	0	0	0	0	0	0	0	0	0	0	0	0	0	0	0	379	328	439	684	1509991935	
1526703360	82379076	82378	0	0	0	0	0	0	0	0	0	0	0	0	0	0	0	0	0	0	378	328	439	684	1509991935	
1526703360	82389492	82388	0	0	0	0	0	0	0	0	0	0	0	0	0	0	0	0	0	0	378	328	439	684	1509991935	
1526703360	82399916	82399	0	0	0	0	0	0	0	0	0	0	0	0	0	0	0	0	0	0	378	328	439	684	1509991935	
1526703360	82408244	82407	0	0	0	0	0	0	0	0	0	0	0	0	0	0	0	0	0	0	379	329	440	685	1509991935	
1526703360	82418660	82417	0	0	0	0	0	0	0	0	0	0	0	0	0	0	0	0	0	0	379	328	439	684	1509991935	
1526703360	82429084	82428	0	0	0	0	0	0	0	0	0	0	0	0	0	0	0	0	0	0	378	328	439	684	1509991935	
1526703360	82439500	82439	0	0	0	0	0	0	0	0	0	0	0	0	0	0	0	0	0	0	378	328	439	684	1509991935	
1526703360	82449916	82449	0	0	0	0	0	0	0	0	0	0	0	0	0	0	0	0	0	0	397	329	439	684	1509991935	
1526703360	82458268	82457	0	0	0	0	0	0	0	0	0	0	0	0	0	0	0	0	0	0	379	329	440	685	1509991935	
1526703360	82468684	82467	0	0	0	0	0	0	0	0	0	0	0	0	0	0	0	0	0	0	378	328	439	684	1509991935	
1526703360	82479100	82479	0	0	0	0	0	0	0	0	0	0	0	0	0	0	0	0	0	0	378	328	439	684	1509991935	
1526703360	82489524	82489	0	0	0	0	0	0	0	0	0	0	0	0	0	0	0	0	0	0	378	328	439	684	1509991935	
1526703360	82499940	82499	0	0	0	0	0	0	0	0	0	0	0	0	0	0	0	0	0	0	378	328	439	684	1509991935	
1526703360	82508276	82507	0	0	0	0	0	0	0	0	0	0	0	0	0	0	0	0	0	0	379	328	440	685	1509991935	
1526703360	82518700	82518	0	0	0	0	0	0	0	0	0	0	0	0	0	0	0	0	0	0	378	328	439	684	1509991935	
1526703360	82529116	82528	0	0	0	0	0	0	0	0	0	0	0	0	0	0	0	0	0	0	379	328	439	684	1509991935	
1526703360	82539540	82539	0	0	0	0	0	0	0	0	0	0	0	0	0	0	0	0	0	0	378	328	439	684	1509991935	
1526703360	82547884	82547	0	0	0	0	0	0	0	0	0	0	0	0	0	0	0	0	0	0	379	329	440	685	1509991935	
1526703360	82558300	82557	0	0	0	0	0	0	0	0	0	0	0	0	0	0	0	0	0	0	378	328	439	683	1509991935	
1526703360	82568724	82568	0	0	0	0	0	0	0	0	0	0	0	0	0	0	0	0	0	0	396	329	439	683	1509991935	
1526703360	82579156	82578	0	0	0	0	0	0	0	0	0	0	0	0	0	0	0	0	0	0	377	327	438	683	1509991935	
1526703360	82589572	82588	0	0	0	0	0	0	0	0	0	0	0	0	0	0	0	0	0	0	378	328	438	683	1509991935	
1526703360	82597924	82597	0	0	0	0	0	0	0	0	0	0	0	0	0	0	0	0	0	0	379	328	439	684	1509991935	
1526703360	82608340	82608	0	0	0	0	0	0	0	0	0	0	0	0	0	0	0	0	0	0	378	328	439	683	1509991935	
1526703360	82618748	82618	0	0	0	0	0	0	0	0	0	0	0	0	0	0	0	0	0	0	378	327	438	682	1509991935	
1526703360	82629188	82628	0	0	0	0	0	0	0	0	0	0	0	0	0	0	0	0	0	0	370	327	438	683	1509991935	
1526703360	82639604	82638	0	0	0	0	0	0	0	0	0	0	0	0	0	0	0	0	0	0	377	327	438	682	1509991935	
1526703360	82647940	82647	0	0	0	0	0	0	0	0	0	0	0	0	0	0	0	0	0	0	378	328	439	684	1509991935	
1526703360	82659404	82659	0	0	0	0	0	0	0	0	0	0	0	0	0	0	0	0	0	0	378	328	439	684	1509991935	
1526703360	82667740	82667	0	0	0	0	0	0	0	0	0	0	0	0	0	0	0	0	0	0	379	329	440	685	1509991935	
1526703360	82678148	82677	0	0	0	0	0	0	0	0	0	0	0	0	0	0	0	0	0	0	379	329	440	684	1509991935	
1526703360	82688588	82688	0	0	0	0	0	0	0	0	0	0	0	0	0	0	0	0	0	0	378	328	439	684	1509991935	
1526703360	82699004	82698	0	0	0	0	0	0	0	0	0	0	0	0	0	0	0	0	0	0	378	328	439	684	1509991935	
1526703360	82709420	82708	0	0	0	0	0	0	0	0	0	0	0	0	0	0	0	0	0	0	378	328	439	684	1509991935	
1526703360	82717780	82717	0	0	0	0	0	0	0	0	0	0	0	0	0	0	0	0	0	0	379	329	440	685	1509991935	
1526703360	82728196	82727	0	0	0	0	0	0	0	0	0	0	0	0	0	0	0	0	0	0	379	329	440	684	1509991935	
1526703360	82738604	82738	0	0	0	0	0	0	0	0	0	0	0	0	0	0	0	0	0	0	378	328	439	684	1509991935	
1526703360	82749052	82748	0	0	0	0	0	0	0	0	0	0	0	0	0	0	0	0	0	0	378	328	439	684	1509991935	
1526703360	82759468	82758	0	0	0	0	0	0	0	0	0	0	0	0	0	0	0	0	0	0	378	328	439	684	1509991935	
1526703360	82767804	82766	0	0	0	0	0	0	0	0	0	0	0	0	0	0	0	0	0	0	379	329	440	685	1509991935	
1526703360	82778244	82778	0	0	0	0	0	0	0	0	0	0	0	0	0	0	0	0	0	0	378	328	439	684	1509991935	
1526703360	82788660	82788	0	0	0	0	0	0	0	0	0	0	0	0	0	0	0	0	0	0	378	328	439	684	1509991935	
1526703360	82799076	82798	0	0	0	0	0	0	0	0	0	0	0	0	0	0	0	0	0	0	379	328	439	684	1509991935	
1526703360	82809508	82808	0	0	0	0	0	0	0	0	0	0	0	0	0	0	0	0	0	0	378	328	439	684	1509991935	
1526703360	82817844	82817	0	0	0	0	0	0	0	0	0	0	0	0	0	0	0	0	0	0	380	329	440	685	1509991935	
1526703360	82828252	82827	0	0	0	0	0	0	0	0	0	0	0	0	0	0	0	0	0	0	379	328	439	684	1509991935	
1526703360	82838684	82838	0	0	0	0	0	0	0	0	0	0	0	0	0	0	0	0	0	0	378	328	439	684	1509991935	
1526703360	82849100	82848	0	0	0	0	0	0	0	0	0	0	0	0	0	0	0	0	0	0	378	329	439	684	1509991935	
1526703360	82859516	82859	0	0	0	0	0	0	0	0	0	0	0	0	0	0	0	0	0	0	397	329	439	684	1509991935	
1526703360	82867868	82867	0	0	0	0	0	0	0	0	0	0	0	0	0	0	0	0	0	0	379	329	440	685	1509991935	
1526703360	82878276	82877	0	0	0	0	0	0	0	0	0	0	0	0	0	0	0	0	0	0	378	328	439	684	1509991935	
1526703360	82888692	82887	0	0	0	0	0	0	0	0	0	0	0	0	0	0	0	0	0	0	378	328	439	684	1509991935	
1526703360	82899124	82898	0	0	0	0	0	0	0	0	0	0	0	0	0	0	0	0	0	0	378	328	439	684	1509991935	
1526703360	82909532	82909	0	0	0	0	0	0	0	0	0	0	0	0	0	0	0	0	0	0	378	328	439	684	1509991935	
1526703360	82917868	82917	0	0	0	0	0	0	0	0	0	0	0	0	0	0	0	0	0	0	380	328	439	685	1509991935	
1526703360	82928292	82927	0	0	0	0	0	0	0	0	0	0	0	0	0	0	0	0	0	0	379	328	439	684	1509991935	
1526703360	82938708	82937	0	0	0	0	0	0	0	0	0	0	0	0	0	0	0	0	0	0	378	328	439	684	1509991935	
1526703360	82949132	82949	0	0	0	0	0	0	0	0	0	0	0	0	0	0	0	0	0	0	379	328	439	684	1509991935	
1526703360	82957468	82957	0	0	0	0	0	0	0	0	0	0	0	0	0	0	0	0	0	0	379	329	440	685	1509991935	
1526703360	82967884	82967	0	0	0	0	0	0	0	0	0	0	0	0	0	0	0	0	0	0	379	328	439	684	1509991935	
1526703360	82978300	82977	0	0	0	0	0	0	0	0	0	0	0	0	0	0	0	0	0	0	397	330	440	684	1509991935	
1526703360	82988732	82988	0	0	0	0	0	0	0	0	0	0	0	0	0	0	0	0	0	0	378	328	439	684	1509991935	
1526703360	82999140	82998	0	0	0	0	0	0	0	0	0	0	0	0	0	0	0	0	0	0	378	328	439	684	1509991935	
1526703360	83007476	83006	0	0	0	0	0	0	0	0	0	0	0	0	0	0	0	0	0	0	379	329	440	685	1509991935	
1526703360	83017908	83017	0	0	0	0	0	0	0	0	0	0	0	0	0	0	0	0	0	0	379	328	440	684	1509991935	
1526703360	83028324	83027	0	0	0	0	0	0	0	0	0	0	0	0	0	0	0	0	0	0	378	328	439	684	1509991935	
1526703360	83038748	83038	0	0	0	0	0	0	0	0	0	0	0	0	0	0	0	0	0	0	397	329	440	684	1509991935	
1526703360	83049180	83048	0	0	0	0	0	0	0	0	0	0	0	0	0	0	0	0	0	0	379	328	439	684	1509991935	
1526703360	83057516	83056	0	0	0	0	0	0	0	0	0	0	0	0	0	0	0	0	0	0	379	329	440	685	1509991935	
1526703360	83067948	83067	0	0	0	0	0	0	0	0	0	0	0	0	0	0	0	0	0	0	379	328	439	684	1509991935	
1526703360	83078364	83078	0	0	0	0	0	0	0	0	0	0	0	0	0	0	0	0	0	0	378	328	439	684	1509991935	
1526703360	83088780	83088	0	0	0	0	0	0	0	0	0	0	0	0	0	0	0	0	0	0	378	328	439	684	1509991935	
1526703360	83099228	83098	0	0	0	0	0	0	0	0	0	0	0	0	0	0	0	0	0	0	378	328	439	684	1509991935	
1526703360	83107564	83106	0	0	0	0	0	0	0	0	0	0	0	0	0	0	0	0	0	0	379	329	440	685	1509991935	
1526703360	83117980	83117	0	0	0	0	0	0	0	0	0	0	0	0	0	0	0	0	0	0	379	328	439	684	1509991935	
1526703360	83128420	83128	0	0	0	0	0	0	0	0	0	0	0	0	0	0	0	0	0	0	378	328	439	684	1509991935	
1526703360	83138836	83138	0	0	0	0	0	0	0	0	0	0	0	0	0	0	0	0	0	0	379	328	439	684	1509991935	
1526703360	83149252	83148	0	0	0	0	0	0	0	0	0	0	0	0	0	0	0	0	0	0	379	328	439	684	1509991935	
1526703360	83157604	83156	0	0	0	0	0	0	0	0	0	0	0	0	0	0	0	0	0	0	379	328	439	685	1509991935	
1526703360	83168012	83167	0	0	0	0	0	0	0	0	0	0	0	0	0	0	0	0	0	0	378	328	439	684	1509991935	
1526703360	83178428	83177	0	0	0	0	0	0	0	0	0	0	0	0	0	0	0	0	0	0	378	328	439	684	1509991935	
1526703360	83188860	83188	0	0	0	0	0	0	0	0	0	0	0	0	0	0	0	0	0	0	378	328	439	684	1509991935	
1526703360	83197188	83196	0	0	0	0	0	0	0	0	0	0	0	0	0	0	0	0	0	0	380	329	441	685	1509991935	
1526703360	83207564	83207	0	0	0	0	0	0	0	0	0	0	0	0	0	0	0	0	0	0	380	329	440	686	1509991935	
1526703360	83217940	83217	0	0	0	0	0	0	0	0	0	0	0	0	0	0	0	0	0	0	398	330	440	685	1509991935	
1526703360	83228324	83227	0	0	0	0	0	0	0	0	0	0	0	0	0	0	0	0	0	0	379	329	440	685	1509991935	
1526703360	83238692	83237	0	0	0	0	0	0	0	0	0	0	0	0	0	0	0	0	0	0	380	329	440	685	1509991935	
1526703360	83249068	83248	0	0	0	0	0	0	0	0	0	0	0	0	0	0	0	0	0	0	380	329	440	685	1509991935	
1526703360	83257364	83257	0	0	0	0	0	0	0	0	0	0	0	0	0	0	0	0	0	0	380	330	441	686	1509991935	
1526703360	83267740	83267	0	0	0	0	0	0	0	0	0	0	0	0	0	0	0	0	0	0	379	329	440	686	1509991935	
1526703360	83278108	83277	0	0	0	0	0	0	0	0	0	0	0	0	0	0	0	0	0	0	379	329	440	685	1509991935	
1526703360	83288484	83288	0	0	0	0	0	0	0	0	0	0	0	0	0	0	0	0	0	0	380	329	440	685	1509991935	
1526703360	83298884	83298	0	0	0	0	0	0	0	0	0	0	0	0	0	0	0	0	0	0	372	328	439	684	1509991935	
1526703360	83307212	83306	0	0	0	0	0	0	0	0	0	0	0	0	0	0	0	0	0	0	380	329	440	685	1509991935	
1526703360	83317628	83316	0	0	0	0	0	0	0	0	0	0	0	0	0	0	0	0	0	0	378	328	440	684	1509991935	
1526703360	83328060	83328	0	0	0	0	0	0	0	0	0	0	0	0	0	0	0	0	0	0	379	328	439	684	1509991935	
1526703360	83338484	83338	0	0	0	0	0	0	0	0	0	0	0	0	0	0	0	0	0	0	378	328	439	684	1509991935	
1526703360	83348900	83348	0	0	0	0	0	0	0	0	0	0	0	0	0	0	0	0	0	0	378	328	439	684	1509991935	
1526703360	83357260	83356	0	0	0	0	0	0	0	0	0	0	0	0	0	0	0	0	0	0	380	329	440	685	1509991935	
1526703360	83367676	83366	0	0	0	0	0	0	0	0	0	0	0	0	0	0	0	0	0	0	378	328	439	684	1509991935	
1526703360	83378092	83377	0	0	0	0	0	0	0	0	0	0	0	0	0	0	0	0	0	0	378	328	439	684	1509991935	
1526703360	83388532	83388	0	0	0	0	0	0	0	0	0	0	0	0	0	0	0	0	0	0	378	329	439	684	1509991935	
1526703360	83398948	83398	0	0	0	0	0	0	0	0	0	0	0	0	0	0	0	0	0	0	378	328	439	684	1509991935	
1526703360	83407284	83406	0	0	0	0	0	0	0	0	0	0	0	0	0	0	0	0	0	0	379	329	440	685	1509991935	
1526703360	83417732	83417	0	0	0	0	0	0	0	0	0	0	0	0	0	0	0	0	0	0	378	328	439	684	1509991935	
1526703360	83428148	83427	0	0	0	0	0	0	0	0	0	0	0	0	0	0	0	0	0	0	378	328	439	684	1509991935	
1526703360	83438564	83437	0	0	0	0	0	0	0	0	0	0	0	0	0	0	0	0	0	0	378	328	439	684	1509991935	
1526703360	83446916	83446	0	0	0	0	0	0	0	0	0	0	0	0	0	0	0	0	0	0	379	329	440	686	1509991935	
1526703360	83457332	83457	0	0	0	0	0	0	0	0	0	0	0	0	0	0	0	0	0	0	379	328	439	684	1509991935	
1526703360	83467748	83467	0	0	0	0	0	0	0	0	0	0	0	0	0	0	0	0	0	0	378	328	439	684	1509991935	
1526703360	83478180	83477	0	0	0	0	0	0	0	0	0	0	0	0	0	0	0	0	0	0	378	328	439	684	1509991935	
1526703360	83488596	83487	0	0	0	0	0	0	0	0	0	0	0	0	0	0	0	0	0	0	378	328	439	684	1509991935	
1526703360	83496932	83495	0	0	0	0	0	0	0	0	0	0	0	0	0	0	0	0	0	0	379	329	440	685	1509991935	
1526703360	83507356	83507	0	0	0	0	0	0	0	0	0	0	0	0	0	0	0	0	0	0	379	329	439	684	1509991935	
1526703360	83517772	83517	0	0	0	0	0	0	0	0	0	0	0	0	0	0	0	0	0	0	378	328	439	684	1509991935	
1526703360	83528188	83527	0	0	0	0	0	0	0	0	0	0	0	0	0	0	0	0	0	0	397	330	439	684	1509991935	
1526703360	83538620	83537	0	0	0	0	0	0	0	0	0	0	0	0	0	0	0	0	0	0	378	328	439	684	1509991935	
1526703360	83546956	83546	0	0	0	0	0	0	0	0	0	0	0	0	0	0	0	0	0	0	379	329	440	685	1509991935	
1526703360	83557372	83557	0	0	0	0	0	0	0	0	0	0	0	0	0	0	0	0	0	0	379	328	439	684	1509991935	
1526703360	83567796	83567	0	0	0	0	0	0	0	0	0	0	0	0	0	0	0	0	0	0	379	328	439	684	1509991935	
1526703360	83578212	83577	0	0	0	0	0	0	0	0	0	0	0	0	0	0	0	0	0	0	378	328	439	684	1509991935	
1526703360	83588636	83588	0	0	0	0	0	0	0	0	0	0	0	0	0	0	0	0	0	0	397	329	439	684	1509991935	
1526703360	83596988	83596	0	0	0	0	0	0	0	0	0	0	0	0	0	0	0	0	0	0	380	329	440	685	1509991935	
1526703360	83607404	83606	0	0	0	0	0	0	0	0	0	0	0	0	0	0	0	0	0	0	379	328	439	684	1509991935	
1526703360	83617836	83617	0	0	0	0	0	0	0	0	0	0	0	0	0	0	0	0	0	0	378	328	439	684	1509991935	
1526703360	83628252	83628	0	0	0	0	0	0	0	0	0	0	0	0	0	0	0	0	0	0	378	328	439	684	1509991935	
1526703360	83638668	83638	0	0	0	0	0	0	0	0	0	0	0	0	0	0	0	0	0	0	378	328	439	684	1509991935	
1526703360	83647020	83646	0	0	0	0	0	0	0	0	0	0	0	0	0	0	0	0	0	0	399	330	440	685	1509991935	
1526703360	83657452	83656	0	0	0	0	0	0	0	0	0	0	0	0	0	0	0	0	0	0	378	328	439	684	1509991935	
1526703360	83667860	83666	0	0	0	0	0	0	0	0	0	0	0	0	0	0	0	0	0	0	379	328	439	684	1509991935	
1526703360	83678300	83678	0	0	0	0	0	0	0	0	0	0	0	0	0	0	0	0	0	0	378	328	439	684	1509991935	
1526703360	83686636	83686	0	0	0	0	0	0	0	0	0	0	0	0	0	0	0	0	0	0	379	329	440	686	1509991935	
1526703360	83697052	83696	0	0	0	0	0	0	0	0	0	0	0	0	0	0	0	0	0	0	379	328	439	685	1509991935	
1526703360	83707492	83706	0	0	0	0	0	0	0	0	0	0	0	0	0	0	0	0	0	0	378	328	439	684	1509991935	
1526703360	83717908	83717	0	0	0	0	0	0	0	0	0	0	0	0	0	0	0	0	0	0	378	328	439	684	1509991935	
1526703360	83728324	83727	0	0	0	0	0	0	0	0	0	0	0	0	0	0	0	0	0	0	378	328	439	684	1509991935	
1526703360	83736692	83736	0	0	0	0	0	0	0	0	0	0	0	0	0	0	0	0	0	0	379	329	440	685	1509991935	
1526703360	83747108	83746	0	0	0	0	0	0	0	0	0	0	0	0	0	0	0	0	0	0	379	329	439	684	1509991935	
1526703360	83757524	83757	0	0	0	0	0	0	0	0	0	0	0	0	0	0	0	0	0	0	378	328	439	684	1509991935	
1526703360	83767956	83767	0	0	0	0	0	0	0	0	0	0	0	0	0	0	0	0	0	0	378	328	439	684	1509991935	
1526703360	83778372	83777	0	0	0	0	0	0	0	0	0	0	0	0	0	0	0	0	0	0	378	328	439	684	1509991935	
1526703360	83786708	83785	0	0	0	0	0	0	0	0	0	0	0	0	0	0	0	0	0	0	379	329	440	685	1509991935	
1526703360	83797148	83796	0	0	0	0	0	0	0	0	0	0	0	0	0	0	0	0	0	0	379	328	439	684	1509991935	
1526703360	83807564	83807	0	0	0	0	0	0	0	0	0	0	0	0	0	0	0	0	0	0	378	328	439	684	1509991935	
1526703360	83817980	83817	0	0	0	0	0	0	0	0	0	0	0	0	0	0	0	0	0	0	397	329	439	684	1509991935	
1526703360	83828412	83827	0	0	0	0	0	0	0	0	0	0	0	0	0	0	0	0	0	0	378	328	439	684	1509991935	
1526703360	83836748	83835	0	0	0	0	0	0	0	0	0	0	0	0	0	0	0	0	0	0	379	329	440	685	1509991935	
1526703360	83847164	83847	0	0	0	0	0	0	0	0	0	0	0	0	0	0	0	0	0	0	379	328	439	684	1509991935	
1526703360	83857596	83857	0	0	0	0	0	0	0	0	0	0	0	0	0	0	0	0	0	0	378	328	439	684	1509991935	
1526703360	83868012	83867	0	0	0	0	0	0	0	0	0	0	0	0	0	0	0	0	0	0	378	328	439	684	1509991935	
1526703360	83878444	83877	0	0	0	0	0	0	0	0	0	0	0	0	0	0	0	0	0	0	397	329	439	684	1509991935	
1526703360	83886796	83886	0	0	0	0	0	0	0	0	0	0	0	0	0	0	0	0	0	0	379	329	440	685	1509991935	
1526703360	83897204	83896	0	0	0	0	0	0	0	0	0	0	0	0	0	0	0	0	0	0	378	328	440	684	1509991935	
1526703360	83907628	83907	0	0	0	0	0	0	0	0	0	0	0	0	0	0	0	0	0	0	378	328	439	684	1509991935	
1526703360	83918044	83917	0	0	0	0	0	0	0	0	0	0	0	0	0	0	0	0	0	0	378	328	439	684	1509991935	
1526703360	83926380	83926	0	0	0	0	0	0	0	0	0	0	0	0	0	0	0	0	0	0	380	329	440	685	1509991935	
1526703360	83936812	83936	0	0	0	0	0	0	0	0	0	0	0	0	0	0	0	0	0	0	398	330	440	684	1509991935	
1526703360	83947244	83946	0	0	0	0	0	0	0	0	0	0	0	0	0	0	0	0	0	0	379	328	439	684	1509991935	
1526703360	83957660	83956	0	0	0	0	0	0	0	0	0	0	0	0	0	0	0	0	0	0	378	328	439	684	1509991935	
1526703360	83968100	83968	0	0	0	0	0	0	0	0	0	0	0	0	0	0	0	0	0	0	378	328	439	684	1509991935	
1526703360	83976436	83976	0	0	0	0	0	0	0	0	0	0	0	0	0	0	0	0	0	0	380	329	440	686	1509991935	
1526703360	83986852	83986	0	0	0	0	0	0	0	0	0	0	0	0	0	0	0	0	0	0	379	328	439	685	1509991935	
1526703360	83997292	83996	0	0	0	0	0	0	0	0	0	0	0	0	0	0	0	0	0	0	378	328	439	684	1509991935	
1526703360	84007708	84006	0	0	0	0	0	0	0	0	0	0	0	0	0	0	0	0	0	0	378	328	439	684	1509991935	
1526703360	84018124	84017	0	0	0	0	0	0	0	0	0	0	0	0	0	0	0	0	0	0	378	328	439	684	1509991935	
1526703360	84026484	84026	0	0	0	0	0	0	0	0	0	0	0	0	0	0	0	0	0	0	379	329	440	685	1509991935	
1526703360	84036900	84036	0	0	0	0	0	0	0	0	0	0	0	0	0	0	0	0	0	0	379	328	439	684	1509991935	
1526703360	84047316	84046	0	0	0	0	0	0	0	0	0	0	0	0	0	0	0	0	0	0	378	328	439	684	1509991935	
1526703360	84057748	84057	0	0	0	0	0	0	0	0	0	0	0	0	0	0	0	0	0	0	378	328	439	684	1509991935	
1526703360	84068156	84067	0	0	0	0	0	0	0	0	0	0	0	0	0	0	0	0	0	0	379	328	439	684	1509991935	
1526703360	84076492	84075	0	0	0	0	0	0	0	0	0	0	0	0	0	0	0	0	0	0	379	329	440	685	1509991935	
1526703360	84086932	84086	0	0	0	0	0	0	0	0	0	0	0	0	0	0	0	0	0	0	379	328	439	684	1509991935	
1526703360	84097348	84097	0	0	0	0	0	0	0	0	0	0	0	0	0	0	0	0	0	0	378	328	439	684	1509991935	
1526703360	84107764	84107	0	0	0	0	0	0	0	0	0	0	0	0	0	0	0	0	0	0	378	328	439	684	1509991935	
1526703360	84118188	84117	0	0	0	0	0	0	0	0	0	0	0	0	0	0	0	0	0	0	378	328	439	684	1509991935	
1526703360	84126524	84125	0	0	0	0	0	0	0	0	0	0	0	0	0	0	0	0	0	0	379	329	440	685	1509991935	
1526703360	84136940	84135	0	0	0	0	0	0	0	0	0	0	0	0	0	0	0	0	0	0	378	328	439	684	1509991935	
1526703360	84147372	84147	0	0	0	0	0	0	0	0	0	0	0	0	0	0	0	0	0	0	378	328	439	684	1509991935	
1526703360	84157788	84157	0	0	0	0	0	0	0	0	0	0	0	0	0	0	0	0	0	0	378	328	439	684	1509991935	
1526703360	84166116	84165	0	0	0	0	0	0	0	0	0	0	0	0	0	0	0	0	0	0	379	329	440	685	1509991935	
1526703360	84176548	84175	0	0	0	0	0	0	0	0	0	0	0	0	0	0	0	0	0	0	379	329	439	684	1509991935	
1526703360	84186956	84186	0	0	0	0	0	0	0	0	0	0	0	0	0	0	0	0	0	0	378	328	440	684	1509991935	
1526703360	84197364	84196	0	0	0	0	0	0	0	0	0	0	0	0	0	0	0	0	0	0	378	328	439	684	1509991935	
1526703360	84207796	84207	0	0	0	0	0	0	0	0	0	0	0	0	0	0	0	0	0	0	378	328	439	684	1509991935	
1526703360	84216124	84215	0	0	0	0	0	0	0	0	0	0	0	0	0	0	0	0	0	0	379	329	440	685	1509991935	
1526703360	84226532	84226	0	0	0	0	0	0	0	0	0	0	0	0	0	0	0	0	0	0	379	329	439	684	1509991935	
1526703360	84236956	84236	0	0	0	0	0	0	0	0	0	0	0	0	0	0	0	0	0	0	378	328	439	684	1509991935	
1526703360	84247364	84246	0	0	0	0	0	0	0	0	0	0	0	0	0	0	0	0	0	0	379	328	439	684	1509991935	
1526703360	84257772	84256	0	0	0	0	0	0	0	0	0	0	0	0	0	0	0	0	0	0	378	328	439	684	1509991935	
1526703360	84266124	84265	0	0	0	0	0	0	0	0	0	0	0	0	0	0	0	0	0	0	379	329	440	686	1509991935	
1526703360	84276532	84276	0	0	0	0	0	0	0	0	0	0	0	0	0	0	0	0	0	0	379	329	439	684	1509991935	
1526703360	84286940	84286	0	0	0	0	0	0	0	0	0	0	0	0	0	0	0	0	0	0	378	328	440	684	1509991935	
1526703360	84297372	84296	0	0	0	0	0	0	0	0	0	0	0	0	0	0	0	0	0	0	379	328	439	684	1509991935	
1526703360	84307780	84306	0	0	0	0	0	0	0	0	0	0	0	0	0	0	0	0	0	0	379	328	439	684	1509991935	
1526703360	84316108	84315	0	0	0	0	0	0	0	0	0	0	0	0	0	0	0	0	0	0	379	329	440	685	1509991935	
1526703360	84326548	84326	0	0	0	0	0	0	0	0	0	0	0	0	0	0	0	0	0	0	379	329	439	684	1509991935	
1526703360	84336956	84336	0	0	0	0	0	0	0	0	0	0	0	0	0	0	0	0	0	0	378	328	439	684	1509991935	
1526703360	84347372	84346	0	0	0	0	0	0	0	0	0	0	0	0	0	0	0	0	0	0	378	328	439	684	1509991935	
1526703360	84357796	84357	0	0	0	0	0	0	0	0	0	0	0	0	0	0	0	0	0	0	378	328	439	684	1509991935	
1526703360	84366132	84365	0	0	0	0	0	0	0	0	0	0	0	0	0	0	0	0	0	0	379	329	440	685	1509991935	
1526703360	84376548	84375	0	0	0	0	0	0	0	0	0	0	0	0	0	0	0	0	0	0	379	329	439	684	1509991935	
1526703360	84386972	84386	0	0	0	0	0	0	0	0	0	0	0	0	0	0	0	0	0	0	379	328	439	684	1509991935	
1526703360	84397388	84397	0	0	0	0	0	0	0	0	0	0	0	0	0	0	0	0	0	0	378	328	439	684	1509991935	
1526703360	84407804	84407	0	0	0	0	0	0	0	0	0	0	0	0	0	0	0	0	0	0	398	329	439	684	1509991935	
1526703360	84416156	84415	0	0	0	0	0	0	0	0	0	0	0	0	0	0	0	0	0	0	379	328	440	685	1509991935	
1526703360	84426572	84425	0	0	0	0	0	0	0	0	0	0	0	0	0	0	0	0	0	0	378	328	439	684	1509991935	
1526703360	84436988	84436	0	0	0	0	0	0	0	0	0	0	0	0	0	0	0	0	0	0	378	328	439	684	1509991935	
1526703360	84447412	84447	0	0	0	0	0	0	0	0	0	0	0	0	0	0	0	0	0	0	378	328	439	684	1509991935	
1526703360	84457828	84457	0	0	0	0	0	0	0	0	0	0	0	0	0	0	0	0	0	0	378	328	439	684	1509991935	
1526703360	84466164	84465	0	0	0	0	0	0	0	0	0	0	0	0	0	0	0	0	0	0	379	328	440	685	1509991935	
1526703360	84476588	84475	0	0	0	0	0	0	0	0	0	0	0	0	0	0	0	0	0	0	379	328	439	684	1509991935	
1526703360	84487004	84486	0	0	0	0	0	0	0	0	0	0	0	0	0	0	0	0	0	0	378	328	439	684	1509991935	
1526703360	84497428	84497	0	0	0	0	0	0	0	0	0	0	0	0	0	0	0	0	0	0	378	328	439	684	1509991935	
1526703360	84505764	84505	0	0	0	0	0	0	0	0	0	0	0	0	0	0	0	0	0	0	379	329	440	685	1509991935	
1526703360	84516180	84515	0	0	0	0	0	0	0	0	0	0	0	0	0	0	0	0	0	0	380	329	439	684	1509991935	
1526703360	84526596	84526	0	0	0	0	0	0	0	0	0	0	0	0	0	0	0	0	0	0	398	330	439	684	1509991935	
1526703360	84537028	84536	0	0	0	0	0	0	0	0	0	0	0	0	0	0	0	0	0	0	378	328	439	684	1509991935	
1526703360	84547444	84546	0	0	0	0	0	0	0	0	0	0	0	0	0	0	0	0	0	0	378	328	439	684	1509991935	
1526703360	84555788	84555	0	0	0	0	0	0	0	0	0	0	0	0	0	0	0	0	0	0	379	329	440	686	1509991935	
1526703360	84566204	84566	0	30	0	30	0	0	0	0	0	0	0	0	0	0	0	0	0	0	379	328	440	685	1509991935	
1526703360	84576596	84576	0	30	0	30	0	0	0	0	0	0	0	0	0	0	0	0	0	0	378	328	439	684	1509991935	
1526703360	84586980	84586	0	30	0	30	0	0	0	0	0	0	0	0	0	0	0	0	0	0	379	328	439	684	1509991935	
1526703360	84597380	84596	0	30	0	30	0	0	0	0	0	0	0	0	0	0	0	0	0	0	379	328	439	684	1509991935	
1526703360	84605692	84604	0	30	0	30	0	0	0	0	0	0	0	0	0	0	0	0	0	0	379	329	440	685	1509991935	
1526703360	84616076	84615	0	30	0	30	1	0	0	0	19	0	0	0	0	0	0	0	0	0	379	328	440	685	1509991935	
1526703360	84626468	84626	0	30	0	30	2	0	0	0	0	0	0	0	0	0	0	0	0	0	378	328	440	684	1509991935	
1526703360	84636852	84636	0	30	0	30	2	0	0	0	0	0	0	0	0	0	0	0	0	0	378	328	440	683	1509991935	
1526703360	84647252	84646	0	30	0	30	3	1	0	0	0	0	0	0	0	0	0	0	0	0	378	329	441	683	1509991935	
1526703360	84657636	84657	0	30	0	30	4	2	0	0	0	0	0	0	0	0	0	0	0	0	377	328	443	686	1509991935	
1526703360	84665956	84665	0	30	0	30	4	2	0	0	0	0	0	0	0	0	5	0	0	0	377	327	446	691	1509991935	
1526703360	84676340	84675	0	30	0	30	5	2	0	0	0	0	0	0	0	0	0	0	0	0	373	329	450	691	1509991935	
1526703360	84686732	84685	0	30	0	30	6	3	0	0	2	0	0	0	0	0	0	0	0	0	370	330	454	699	1509991935	
1526703360	84697140	84697	0	30	0	30	6	4	0	0	0	0	0	0	0	0	0	0	0	0	365	336	458	697	1509991935	
1526703360	84707524	84707	0	30	0	30	6	4	0	0	0	0	0	0	0	0	0	0	0	0	363	341	459	694	1509991935	
1526703360	84715836	84715	0	30	0	30	7	5	0	0	0	0	0	0	0	0	0	0	0	0	361	341	458	696	1509991935	
1526703360	84726236	84725	0	30	0	30	8	6	0	0	0	0	0	0	0	0	0	0	0	0	357	345	454	688	1509991935	
1526703360	84736636	84736	0	30	0	30	8	6	0	0	0	0	0	0	0	0	0	0	1	0	352	346	450	686	1509991935	
1526703360	84747020	84746	0	30	0	30	9	7	0	0	0	0	0	0	0	0	0	0	0	0	347	349	447	684	1509991935	
1526703360	84757420	84756	0	30	0	30	10	8	0	0	0	0	0	0	0	0	0	0	0	0	343	354	445	679	1509991935	
1526703360	84765748	84765	0	30	0	30	10	8	0	0	0	0	0	0	0	0	0	0	0	0	341	357	445	680	1509991935	
1526703360	84776132	84775	0	30	0	30	11	9	0	0	0	0	0	0	0	0	0	0	0	0	338	362	444	674	1509991935	
1526703360	84786516	84786	0	30	0	30	11	10	0	0	0	0	0	0	0	0	0	0	0	0	335	366	443	670	1509991935	
1526703360	84796900	84796	0	30	0	30	12	11	0	0	0	0	0	0	0	0	0	0	0	0	335	372	439	666	1509991935	
1526703360	84807300	84806	0	30	0	30	12	12	0	0	0	0	0	0	0	0	0	0	0	0	335	377	436	662	1509991935	
1526703360	84815612	84814	0	30	0	30	13	12	0	0	0	0	0	0	0	0	0	0	0	0	335	381	434	661	1509991935	
1526703360	84825996	84825	0	30	0	30	14	13	0	0	10	0	0	0	0	0	0	0	0	0	333	385	430	655	1509991935	
1526703360	84836396	84836	0	30	0	30	14	14	0	0	0	0	0	0	0	0	0	0	0	0	329	388	428	647	1509991935	
1526703360	84846796	84846	0	30	0	30	15	14	0	0	0	0	0	0	0	0	0	0	0	0	325	391	430	639	1509991935	
1526703360	84857180	84856	0	30	0	30	16	16	0	0	0	0	0	0	0	0	0	0	0	0	324	393	437	631	1509991935	
1526703360	84865492	84865	0	30	0	30	16	16	0	0	0	0	0	0	0	0	0	0	0	0	323	394	444	626	1509991935	
1526703360	84875892	84875	0	30	0	30	18	17	0	0	0	0	0	0	0	0	0	0	0	0	318	393	451	616	1509991935	
1526703360	84886284	84885	0	30	0	30	18	18	0	0	0	0	0	0	0	0	0	0	0	0	314	396	460	606	1509991935	
1526703360	84896668	84895	0	30	0	30	19	18	0	0	0	0	0	0	0	0	0	0	0	0	311	394	468	598	1509991935	
1526703360	84907068	84907	0	30	0	30	20	20	0	0	0	0	0	0	0	0	0	0	0	0	309	389	476	596	1509991935	
1526703360	84915380	84915	0	30	0	30	20	20	0	0	0	0	0	0	0	0	0	0	0	0	310	386	483	597	1509991935	
1526703360	84925764	84925	0	30	0	30	21	21	0	0	0	0	0	0	0	0	0	0	0	0	311	378	487	599	1509991935	
1526703360	84936148	84935	0	30	0	30	22	22	0	0	0	0	0	0	0	0	0	0	0	0	313	370	488	598	1509991935	
1526703360	84946548	84945	0	30	0	30	23	22	0	0	0	0	0	0	0	0	0	0	0	0	317	359	482	598	1509991935	
1526703360	84956924	84956	0	30	0	30	24	24	0	0	0	0	0	0	0	0	0	0	0	0	322	348	476	602	1509991935	
1526703360	84967300	84966	0	30	0	30	24	24	0	0	0	0	0	0	0	0	0	0	0	0	329	342	472	604	1509991935	
1526703360	84975612	84975	0	30	0	30	25	25	0	0	0	0	0	0	0	0	0	0	0	0	338	337	472	608	1509991935	
1526703360	84986012	84985	0	30	0	30	26	26	0	0	0	0	0	0	0	0	0	0	0	0	345	333	466	608	1509991935	
1526703360	84996396	84996	0	30	0	30	27	27	0	0	0	0	0	0	0	0	0	0	0	0	350	331	460	610	1509991935	
1526703360	85006796	85006	0	30	0	30	28	28	0	0	0	0	0	0	0	0	0	0	0	0	354	331	452	608	1509991935	
1526703360	85017204	85016	0	30	0	30	28	28	0	0	0	0	0	0	0	0	0	0	0	0	356	331	443	608	1509991935	
1526703360	85025516	85024	0	30	0	30	29	29	0	0	0	0	0	0	0	0	0	0	0	0	357	330	437	609	1509991935	
1526703360	85035900	85035	0	30	0	30	30	30	0	0	0	0	0	0	0	0	0	0	0	0	353	328	432	603	1509991935	
1526703360	85046300	85046	0	30	0	30	31	31	0	0	0	0	0	0	0	0	0	0	0	0	351	328	430	600	1509991935	
1526703360	85056700	85056	0	30	0	30	32	32	0	0	0	0	0	0	0	0	0	0	0	0	353	328	426	606	1509991935	
1526703360	85067084	85066	0	30	0	30	32	33	0	0	0	0	0	0	0	0	0	0	0	0	357	333	421	608	1509991935	
1526703360	85075396	85074	0	30	0	30	33	34	0	0	0	0	0	0	0	0	0	0	0	0	360	339	418	610	1509991935	
1526703360	85085812	85085	0	30	0	30	34	34	0	0	0	0	0	0	0	0	0	0	0	0	362	345	416	612	1509991935	
1526703360	85095148	85094	0	30	0	30	35	35	0	0	0	0	0	0	0	0	0	0	0	0	366	353	415	613	1509991935	
1526703360	85105532	85104	0	30	0	30	36	36	0	0	0	0	0	0	0	0	0	0	0	0	369	361	408	616	1509991935	
1526703360	85115932	85115	0	30	0	30	36	37	0	0	0	0	0	0	0	0	0	0	0	0	371	367	399	616	1509991935	
1526703360	85126332	85126	0	30	0	30	37	38	0	0	0	0	0	0	0	0	0	0	0	0	374	373	392	613	1509991935	
1526703360	85136716	85136	0	30	0	30	38	38	0	0	0	0	0	0	0	0	0	0	0	0	376	376	386	614	1509991935	
1526703360	85147092	85146	0	30	0	30	39	40	0	0	0	0	0	0	0	0	0	0	0	0	380	380	382	619	1509991935	
1526703360	85155420	85154	0	30	0	30	40	40	0	0	0	0	0	0	0	0	0	0	0	0	382	387	380	621	1509991935	
1526703360	85165796	85165	0	30	0	30	40	41	0	0	0	0	0	0	0	0	0	0	0	0	382	393	379	621	1509991935	
1526703360	85176196	85175	0	30	0	30	42	42	0	0	0	0	0	0	0	0	0	0	0	0	378	395	380	622	1509991935	
1526703360	85186588	85186	0	30	0	30	42	43	0	0	0	0	0	0	0	0	0	0	0	0	373	398	386	621	1509991935	
1526703360	85196980	85196	0	30	0	30	44	44	0	0	0	0	0	0	0	0	0	0	0	0	371	401	395	628	1509991935	
1526703360	85205284	85204	0	30	0	30	44	44	0	0	0	0	0	0	0	0	0	0	0	0	369	403	402	632	1509991935	
1526703360	85215668	85215	0	30	0	30	45	46	0	0	0	0	0	0	0	0	0	0	0	0	365	403	408	631	1509991935	
1526703360	85226076	85225	0	30	0	30	46	46	0	0	0	0	0	0	0	0	0	0	0	0	364	401	417	642	1509991935	
1526703360	85236468	85235	0	30	0	30	47	48	0	0	0	0	0	0	0	0	0	0	0	0	363	403	428	652	1509991935	
1526703360	85246844	85245	0	30	0	30	48	48	0	0	0	0	0	0	0	0	0	0	0	0	362	408	438	662	1509991935	
1526703360	85255156	85254	0	30	0	30	48	49	0	5	0	0	0	0	0	0	0	0	0	0	360	412	446	665	1509991935	
1526703360	85265564	85265	0	30	0	30	50	50	0	0	0	0	0	0	0	0	0	0	0	0	356	414	446	658	1509991935	
1526703360	85275948	85275	0	30	0	30	50	51	0	0	0	0	0	0	0	0	0	0	0	0	357	411	439	653	1509991935	
1526703360	85286324	85285	0	30	0	30	52	52	0	0	0	0	0	0	0	0	0	0	0	0	361	406	431	650	1509991935	
1526703360	85296740	85296	0	30	0	30	52	52	0	0	0	0	0	0	0	0	7	0	0	0	372	400	428	647	1509991935	
1526703360	85305052	85304	0	30	0	30	53	54	0	0	0	0	0	0	0	0	0	0	0	0	383	397	431	644	1509991935	
1526703360	85315428	85314	0	30	0	30	54	54	0	0	0	0	0	0	0	0	0	0	0	0	391	394	437	642	1509991935	
1526703360	85325812	85324	0	30	0	30	55	56	0	0	0	0	0	0	0	0	0	0	0	0	397	399	442	635	1509991935	
1526703360	85336220	85336	0	30	0	30	56	56	0	0	0	0	0	0	0	0	0	0	0	0	392	403	443	632	1509991935	
1526703360	85346604	85346	0	30	0	30	57	57	0	0	0	0	0	0	0	0	0	0	0	0	382	405	443	624	1509991935	
1526703360	85354924	85354	0	30	0	30	58	58	0	0	0	0	0	0	0	0	0	0	0	0	374	406	450	616	1509991935	
1526703360	85365340	85364	0	30	0	30	59	59	0	0	0	0	0	0	0	0	0	0	0	0	363	405	459	615	1509991935	
1526703360	85375740	85374	0	30	0	30	60	60	0	0	0	0	0	0	0	0	0	0	0	0	357	403	469	611	1509991935	
1526703360	85386140	85385	0	30	0	30	60	61	0	0	0	0	0	0	0	0	0	0	0	0	356	398	475	609	1509991935	
1526703360	85396564	85396	0	30	0	30	62	62	0	0	0	0	0	0	0	0	0	0	0	0	361	390	478	602	1509991935	
1526703360	85404876	85404	0	30	0	30	62	62	0	0	0	0	0	0	0	0	0	0	0	0	367	386	480	598	1509991935	
1526703360	85415252	85414	0	30	0	30	64	64	0	0	0	0	0	0	0	0	0	0	0	0	372	379	475	597	1509991935	
1526703360	85425636	85425	0	30	0	30	64	64	0	0	0	0	0	0	0	0	0	0	0	0	377	379	469	593	1509991935	
1526703360	85436036	85435	0	30	0	30	65	66	0	0	0	0	0	0	0	0	0	0	0	0	383	381	466	593	1509991935	
1526703360	85446420	85445	0	30	0	30	66	67	0	0	0	0	0	0	0	0	0	0	0	0	388	382	464	595	1509991935	
1526703360	85454740	85453	0	30	0	30	67	68	0	0	0	0	0	0	0	0	0	0	0	0	385	384	464	592	1509991935	
1526703360	85465148	85465	0	30	0	30	68	68	0	0	0	0	0	0	0	0	0	0	0	0	377	371	464	592	1509991935	
1526703360	85475540	85475	0	30	0	30	69	70	0	0	0	0	0	0	0	0	0	0	0	0	366	360	463	592	1509991935	
1526703360	85485932	85485	0	30	0	30	70	70	0	0	0	0	0	0	0	0	0	0	0	0	355	360	457	589	1509991935	
1526703360	85496352	85495	0	30	0	30	70	72	0	0	0	0	0	0	0	0	0	0	0	0	364	368	449	596	1509991935	
1526703360	85504684	85504	0	30	0	30	72	72	0	0	0	0	0	0	0	0	0	0	0	0	342	378	442	600	1509991935	
1526703360	85515068	85514	0	30	0	30	72	73	0	0	0	0	0	0	0	0	0	0	0	0	341	385	433	606	1509991935	
1526703360	85525460	85524	0	30	0	30	73	74	0	0	0	0	0	0	0	0	0	0	0	0	341	391	436	605	1509991935	
1526703360	85535884	85535	0	30	0	30	74	75	0	0	0	0	0	0	0	0	0	0	0	0	342	401	449	602	1509991935	
1526703360	85546276	85545	0	30	0	30	75	76	0	0	0	0	0	0	0	0	0	0	0	0	342	410	467	606	1509991935	
1526703360	85556660	85556	0	30	0	30	76	77	0	0	0	0	0	0	0	0	0	0	0	0	340	429	474	600	1509991935	
1526703360	85565004	85564	0	30	0	30	76	78	0	0	0	0	0	0	0	0	0	0	0	0	337	445	469	599	1509991935	
1526703360	85575388	85574	0	30	0	30	78	78	0	0	0	0	0	0	0	0	0	0	0	0	329	463	456	598	1509991935	
1526703360	85585764	85584	0	30	0	30	78	80	0	0	0	0	0	0	0	0	0	0	0	0	326	471	447	596	1509991935	
1526703360	85596156	85596	0	30	0	30	80	80	0	0	0	0	0	0	0	0	0	0	0	0	323	464	442	596	1509991935	
1526703360	85606564	85606	0	30	0	30	80	82	0	0	0	0	0	0	0	0	0	0	0	0	324	458	442	601	1509991935	
1526703360	85614876	85614	0	30	0	30	81	82	0	0	0	0	0	0	0	0	0	0	0	0	327	461	444	602	1509991935	
1526703360	85625252	85624	0	30	0	30	82	83	0	0	0	0	0	0	0	0	0	0	0	0	328	472	448	603	1509991935	
1526703360	85635660	85635	0	30	0	30	83	84	0	0	0	0	0	0	0	0	0	0	0	0	329	484	454	603	1509991935	
1526703360	85646044	85645	0	30	0	30	84	85	0	0	0	0	0	0	0	0	0	0	0	0	330	487	463	606	1509991935	
1526703360	85656428	85655	0	30	0	30	84	86	0	0	0	0	0	0	0	0	0	0	0	0	334	471	474	613	1509991935	
1526703360	85664756	85663	0	30	0	30	85	86	0	2	0	0	0	0	0	0	0	0	0	0	342	450	481	621	1509991935	
1526703360	85675156	85675	0	30	0	30	86	88	0	0	0	0	0	0	0	0	0	0	0	0	349	422	486	632	1509991935	
1526703360	85685540	85685	0	30	0	30	87	88	0	0	0	0	0	0	0	0	0	0	0	0	358	404	488	639	1509991935	
1526703360	85695932	85695	0	30	0	30	88	90	0	0	0	0	0	0	0	0	0	0	0	0	368	391	483	644	1509991935	
1526703360	85706356	85705	0	30	0	30	88	90	0	0	0	0	0	0	0	0	0	0	0	0	382	382	476	649	1509991935	
1526703360	85714668	85713	0	30	0	30	90	91	0	0	0	0	0	0	0	0	0	0	0	0	395	378	464	651	1509991935	
1526703360	85725052	85724	0	30	0	30	90	92	0	0	0	0	0	0	0	0	0	0	0	0	408	373	445	651	1509991935	
1526703360	85735452	85735	0	30	0	30	91	93	0	0	0	0	0	0	0	0	0	0	0	0	419	372	428	653	1509991935	
1526703360	85745836	85745	0	30	0	30	92	94	0	0	0	0	0	0	0	0	0	0	0	0	426	370	419	658	1509991935	
1526703360	85756220	85755	0	30	0	30	92	94	0	0	0	0	0	0	0	0	0	0	0	0	425	367	416	658	1509991935	
1526703360	85764524	85764	0	30	0	30	94	96	0	0	0	0	0	0	0	0	0	0	0	0	422	364	415	658	1509991935	
1526703360	85774940	85774	0	30	0	30	94	96	0	0	0	0	0	0	0	0	0	0	0	0	413	363	415	654	1509991935	
1526703360	85785340	85784	0	30	0	30	95	97	0	0	0	0	0	0	0	0	0	0	0	0	401	364	414	651	1509991935	
1526703360	85795716	85794	0	30	0	30	96	98	0	0	0	0	0	0	0	0	0	0	0	0	388	364	412	647	1509991935	
1526703360	85806108	85806	0	30	0	30	97	99	0	0	0	0	0	0	0	0	0	0	0	0	378	361	408	641	1509991935	
1526703360	85814420	85814	0	30	0	30	98	100	0	0	0	0	0	0	0	0	0	0	0	0	372	361	405	640	1509991935	
1526703360	85824804	85824	0	30	0	30	98	101	0	0	0	0	0	0	0	0	0	0	0	0	368	360	398	641	1509991935	
1526703360	85835188	85834	0	30	0	30	99	102	0	0	0	0	0	0	0	0	0	0	0	0	366	359	393	638	1509991935	
1526703360	85845604	85844	0	30	0	30	100	102	0	0	0	0	0	0	0	0	3	0	0	0	367	355	390	636	1509991935	
1526703360	85855988	85855	0	30	0	30	101	104	0	0	0	0	0	0	0	0	0	0	0	0	369	352	388	636	1509991935	
1526703360	85864300	85863	0	30	0	30	102	104	0	0	0	0	0	0	0	0	0	0	0	0	372	355	390	636	1509991935	
1526703360	85874676	85873	0	30	0	30	102	105	0	25	0	0	0	0	0	0	0	0	0	0	375	358	392	636	1509991935	
1526703360	85885084	85884	0	30	0	30	104	106	0	0	0	0	0	0	0	0	0	0	0	0	378	360	399	636	1509991935	
1526703360	85895468	85895	0	30	0	30	104	107	0	0	0	0	0	0	0	0	0	0	0	0	385	363	404	637	1509991935	
1526703360	85905860	85905	0	30	0	30	105	108	0	0	0	0	0	0	0	0	0	0	0	0	395	368	406	635	1509991935	
1526703360	85916276	85915	0	30	0	30	106	109	0	0	0	0	0	0	0	0	0	0	0	0	406	372	409	638	1509991935	
1526703360	85924596	85923	0	30	0	30	106	110	0	0	0	0	0	0	0	0	0	0	0	0	417	374	416	639	1509991935	
1526703360	85934980	85934	0	30	0	30	108	110	0	0	0	0	0	0	0	0	0	0	0	0	426	372	432	635	1509991935	
1526703360	85945380	85945	0	30	0	30	108	112	0	0	0	0	0	0	0	0	0	0	0	0	426	369	456	634	1509991935	
1526703360	85955764	85955	0	30	0	30	109	112	0	0	0	0	0	0	0	0	0	0	0	0	420	367	483	635	1509991935	
1526703360	85966156	85965	0	30	0	30	110	113	0	0	0	0	0	0	0	0	0	0	0	0	409	365	507	637	1509991935	
1526703360	85974468	85974	0	30	0	30	110	114	0	0	0	0	0	0	0	0	0	0	0	0	396	364	522	639	1509991935	
1526703360	85984884	85984	0	30	0	30	112	115	0	0	0	0	0	0	0	0	0	0	0	0	379	366	530	638	1509991935	
1526703360	85995268	85994	0	30	0	30	112	116	0	0	0	0	0	0	0	0	0	0	0	0	368	365	533	638	1509991935	
1526703360	86005668	86004	0	30	0	30	113	116	0	0	0	0	0	0	0	0	0	0	0	0	364	364	530	637	1509991935	
1526703360	86016076	86016	0	30	0	30	114	118	0	0	0	0	0	0	0	0	0	0	0	0	367	367	517	633	1509991935	
1526703360	86024380	86024	0	30	0	30	114	118	0	0	0	0	0	0	0	0	0	0	0	0	372	368	499	635	1509991935	
1526703360	86034772	86034	0	30	0	30	116	119	0	0	0	0	0	0	0	0	0	0	0	0	377	367	476	635	1509991935	
1526703360	86045164	86044	0	30	0	30	116	120	0	0	0	0	0	0	0	0	0	9	0	0	385	363	461	632	1509991935	
1526703360	86055564	86054	0	30	0	30	117	121	0	0	0	0	0	0	0	0	0	0	0	0	394	359	454	632	1509991935	
1526703360	86065964	86065	0	30	0	30	118	122	0	0	0	0	0	0	0	0	0	0	0	0	406	363	453	633	1509991935	
1526703360	86074276	86073	0	30	0	30	118	122	0	0	0	0	0	0	0	0	0	0	0	0	416	369	453	635	1509991935	
1526703360	86084700	86084	0	30	0	30	120	123	0	0	0	0	0	0	0	0	0	0	0	0	425	374	454	632	1509991935	
1526703360	86095084	86094	0	30	0	30	120	124	0	0	0	0	0	0	0	0	0	0	0	0	430	375	456	631	1509991935	
1526703360	86105468	86105	0	30	0	30	121	125	0	0	0	0	0	0	0	0	0	0	0	0	436	376	455	637	1509991935	
1526703360	86115860	86115	0	30	0	30	122	126	0	0	0	0	0	0	0	0	0	0	0	0	464	379	455	639	1509991935	
1526703360	86124188	86123	0	30	0	30	123	126	0	0	0	0	0	0	0	0	0	0	0	0	448	379	456	640	1509991935	
1526703360	86134588	86133	0	30	0	30	124	128	0	0	0	0	0	0	0	0	0	0	0	0	449	379	459	632	1509991935	
1526703360	86144972	86144	0	30	0	30	124	128	0	0	0	0	0	0	0	0	0	0	0	0	443	379	466	633	1509991935	
1526703360	86155404	86155	0	30	0	30	125	129	0	0	0	0	0	0	0	0	0	0	0	0	434	383	483	637	1509991935	
1526703360	86165780	86165	0	30	0	30	126	130	0	0	0	0	0	0	0	0	0	0	0	0	429	391	503	640	1509991935	
1526703360	86174084	86173	0	30	0	30	126	131	0	0	0	0	0	0	0	0	0	0	9	0	430	393	516	647	1509991935	
1526703360	86184524	86183	0	30	0	30	128	132	0	0	0	0	0	0	0	0	0	0	0	0	431	396	520	651	1509991935	
1526703360	86194908	86194	0	30	0	30	128	132	0	0	0	0	0	0	0	0	0	0	0	0	436	397	516	668	1509991935	
1526703360	86205284	86204	0	30	0	30	129	134	0	0	0	0	0	0	0	0	0	0	0	0	451	399	507	684	1509991935	
1526703360	86215660	86214	0	30	0	30	130	134	0	0	0	0	0	0	0	0	0	0	0	0	478	403	496	693	1509991935	
1526703360	86223988	86223	0	30	0	30	131	135	0	0	0	0	0	0	0	0	0	0	0	0	500	408	486	701	1509991935	
1526703360	86234380	86234	0	30	0	30	132	136	0	0	0	0	0	0	0	0	0	0	0	0	530	413	468	703	1509991935	
1526703360	86244764	86244	0	30	0	30	132	136	0	0	0	0	0	0	0	0	0	0	0	0	566	416	452	712	1509991935	
1526703360	86255180	86254	0	30	0	30	133	138	0	0	0	0	0	0	0	0	0	0	0	0	601	421	443	722	1509991935	
1526703360	86265556	86264	0	30	0	30	134	138	0	0	0	0	0	0	0	0	0	0	0	0	628	429	446	729	1509991935	
1526703360	86273868	86273	0	30	0	30	134	139	0	0	0	0	0	0	0	0	0	0	0	0	641	435	455	740	1509991935	
1526703360	86284276	86283	0	30	0	30	136	140	0	5	0	0	0	0	0	0	0	0	0	0	644	444	466	752	1509991935	
1526703360	86294676	86294	0	30	0	30	136	140	0	0	0	0	0	0	0	0	0	0	0	0	639	451	474	771	1509991935	
1526703360	86305052	86304	0	30	0	30	138	142	0	0	0	0	0	0	0	0	0	0	0	0	632	462	482	789	1509991935	
1526703360	86315428	86315	0	30	0	30	138	142	0	0	0	0	0	0	0	0	0	0	0	0	628	478	489	808	1509991935	
1526703360	86325852	86325	0	30	0	30	139	143	0	0	0	0	0	0	0	0	0	0	0	0	625	494	499	837	1509991935	
1526703360	86334172	86333	0	30	0	30	140	144	0	0	0	0	0	0	0	0	0	0	0	0	624	510	510	854	1509991935	
1526703360	86344556	86343	0	30	0	30	140	144	0	0	0	0	0	0	0	0	0	0	0	0	618	525	530	875	1509991935	
1526703360	86354932	86353	0	30	0	30	141	146	0	25	0	0	0	0	0	0	0	0	0	0	614	540	548	890	1509991935	
1526703360	86365332	86365	0	30	0	30	142	146	0	0	0	0	0	0	0	0	0	0	0	0	613	555	558	903	1509991935	
1526703360	86375732	86375	0	30	0	30	142	147	0	0	0	0	0	0	0	0	0	0	0	0	613	570	563	919	1509991935	
1526703360	86384044	86383	0	30	0	30	144	148	0	0	0	0	0	0	0	0	0	0	0	0	618	582	567	933	1509991935	
1526703360	86394460	86393	0	30	0	30	144	148	0	0	0	0	0	0	0	0	0	0	0	0	619	595	571	952	1509991935	
1526703360	86404852	86404	0	30	0	30	145	150	0	0	0	0	0	0	0	0	0	0	0	0	624	615	572	961	1509991935	
1526703360	86415236	86414	0	30	0	30	146	150	0	0	0	0	0	0	0	0	0	0	0	0	628	636	564	965	1509991935	
1526703360	86425636	86425	0	30	0	30	146	151	0	0	0	0	0	0	0	0	0	0	0	0	634	654	555	967	1509991935	
1526703360	86433972	86433	0	30	0	30	147	152	0	0	0	0	0	0	0	0	0	0	0	0	639	666	549	968	1509991935	
1526703360	86444356	86444	0	30	0	30	148	152	0	0	0	0	0	0	0	0	0	0	0	0	640	672	545	969	1509991935	
1526703360	86454748	86454	0	30	0	30	148	153	0	0	0	0	0	0	0	0	0	0	0	0	640	677	541	969	1509991935	
1526703360	86465140	86464	0	30	0	30	150	154	0	0	0	0	0	0	0	0	0	0	0	0	641	682	538	969	1509991935	
1526703360	86475532	86474	0	30	0	30	150	155	0	0	0	0	0	0	0	0	0	0	0	0	639	682	540	969	1509991935	
1526703360	86483844	86482	0	30	0	30	150	156	0	0	0	0	0	0	0	0	0	0	0	0	641	682	559	970	1509991935	
1526703360	86494244	86494	0	30	0	30	152	156	0	0	0	0	0	0	0	0	0	0	0	0	636	676	607	970	1509991935	
1526703360	86504628	86504	0	30	0	30	152	157	0	0	0	0	0	0	0	0	0	0	0	0	634	671	677	969	1509991935	
1526703360	86515012	86514	0	30	0	30	153	158	0	0	0	0	0	0	0	0	0	0	0	0	633	665	740	969	1509991935	
1526703360	86524340	86523	0	30	0	30	154	158	0	0	0	0	0	0	0	0	0	0	0	0	633	662	780	968	1509991935	
1526703360	86534756	86534	0	30	0	30	154	159	0	1	0	0	0	0	0	0	5	0	0	0	630	658	809	968	1509991935	
1526703360	86545140	86544	0	30	0	30	155	160	0	0	0	0	0	0	0	0	0	0	0	0	625	657	823	968	1509991935	
1526703360	86555524	86554	0	30	0	30	156	160	0	0	0	0	0	0	0	0	0	0	0	0	614	655	829	969	1509991935	
1526703360	86564860	86564	0	30	0	30	157	161	0	0	0	0	0	0	0	0	0	0	0	0	595	655	830	969	1509991935	
1526703360	86575260	86575	0	30	0	30	158	162	0	0	0	0	0	0	0	0	0	0	0	0	563	654	824	970	1509991935	
1526703360	86584596	86584	0	30	0	30	158	163	0	0	0	0	0	0	0	0	0	0	0	5	528	653	819	970	1509991935	
1526703360	86594980	86594	0	30	0	30	159	164	0	0	0	0	0	0	0	0	0	0	0	0	488	651	814	970	1509991935	
1526703360	86605404	86604	0	30	0	30	160	164	0	0	0	0	0	0	0	0	0	0	0	0	451	649	811	971	1509991935	
1526703360	86613716	86612	0	30	0	30	160	165	0	0	0	0	0	0	0	0	0	0	0	0	423	650	810	971	1509991935	
1526703360	86624100	86623	0	30	0	30	162	166	0	0	0	0	0	0	0	0	0	0	0	0	395	649	806	971	1509991935	
1526703360	86634484	86633	0	30	0	30	162	166	0	11	0	1	0	0	0	0	0	0	0	0	387	648	801	971	1509991935	
1526703360	86644892	86644	0	30	0	30	163	168	0	0	0	0	0	0	0	0	0	0	0	0	388	645	795	970	1509991935	
1526703360	86655300	86654	0	30	0	30	164	168	0	0	0	0	0	0	0	0	0	0	0	0	390	641	791	970	1509991935	
1526703360	86663612	86663	0	30	0	30	164	169	0	0	0	0	0	0	0	0	0	0	0	0	391	633	791	970	1509991935	
1526703360	86674052	86673	0	30	0	30	165	170	0	0	0	0	0	0	0	0	0	0	0	0	388	614	796	969	1509991935	
1526703360	86684436	86683	0	30	0	30	166	170	0	0	0	0	0	0	0	0	0	0	0	0	384	595	803	967	1509991935	
1526703360	86694820	86693	0	30	0	30	166	171	0	0	0	0	0	0	0	0	0	0	0	0	379	573	810	964	1509991935	
1526703360	86705228	86705	0	30	0	30	168	172	0	0	0	0	0	0	0	0	0	0	0	0	373	554	815	961	1509991935	
1526703360	86713532	86713	0	30	0	30	168	172	0	0	0	0	0	0	0	0	0	0	0	0	372	540	818	956	1509991935	
1526703360	86723940	86723	0	30	0	30	169	174	0	0	0	0	0	0	0	0	0	0	0	0	371	522	817	939	1509991935	
1526703360	86734324	86733	0	30	0	30	170	174	0	0	0	0	0	0	0	0	0	0	0	0	372	504	813	914	1509991935	
1526703360	86744716	86744	0	30	0	30	171	175	0	0	0	0	0	0	0	0	0	0	0	0	373	484	809	888	1509991935	
1526703360	86755116	86754	0	30	0	30	172	176	0	0	0	0	0	0	0	0	0	0	0	0	378	461	803	866	1509991935	
1526703360	86763428	86762	0	30	0	30	172	176	0	0	0	0	0	0	0	0	0	0	0	0	385	444	801	847	1509991935	
1526703360	86773836	86773	0	30	0	30	174	177	0	0	0	0	0	0	0	0	0	0	0	0	390	424	797	815	1509991935	
1526703360	86784228	86784	0	30	0	30	174	178	0	0	0	0	0	0	0	0	0	0	0	0	394	413	797	783	1509991935	
1526703360	86794620	86794	0	30	0	30	175	179	0	0	0	0	0	0	0	0	0	0	0	0	390	403	797	749	1509991935	
1526703360	86805012	86804	0	30	0	30	176	180	0	0	0	0	0	0	0	0	0	0	0	0	405	395	792	723	1509991935	
1526703360	86813340	86812	0	30	0	30	176	180	0	0	0	0	0	0	0	0	0	0	0	0	382	391	788	704	1509991935	
1526703360	86823716	86822	0	30	0	30	178	182	0	0	0	0	0	0	0	0	0	0	0	0	374	388	773	690	1509991935	
1526703360	86834100	86833	0	30	0	30	178	182	0	0	0	0	0	0	0	0	0	0	0	0	362	387	741	676	1509991935	
1526703360	86844520	86844	0	30	0	30	180	184	2	0	0	0	0	0	0	0	0	0	0	0	355	388	682	666	1509991935	
1526703360	86854908	86854	0	30	0	30	180	184	0	0	0	0	0	0	0	0	0	0	0	0	354	387	612	659	1509991935	
1526703360	86863212	86862	0	30	0	30	181	185	0	0	0	0	0	0	0	0	0	0	0	0	358	389	561	655	1509991935	
1526703360	86873588	86873	0	30	0	30	182	186	0	0	0	0	0	0	0	0	0	0	0	0	365	390	512	653	1509991935	
1526703360	86883980	86883	0	30	0	30	183	187	0	0	0	0	0	0	0	0	0	0	0	0	370	397	483	647	1509991935	
1526703360	86894364	86893	0	30	0	30	184	188	0	0	0	0	0	0	0	0	0	0	0	0	380	404	470	644	1509991935	
1526703360	86904748	86903	0	30	0	30	185	188	0	0	0	0	0	0	0	0	0	0	0	0	392	408	466	641	1509991935	
1526703360	86915148	86915	0	30	0	30	186	190	0	0	0	0	0	0	0	0	0	0	0	0	398	407	464	638	1509991935	
1526703360	86923452	86923	0	30	0	30	187	190	0	0	0	0	0	0	0	0	0	0	0	0	402	406	463	638	1509991935	
1526703360	86933836	86933	0	30	0	30	188	192	0	0	0	0	0	0	0	0	0	0	0	0	399	407	456	632	1509991935	
1526703360	86944220	86943	0	30	0	30	189	192	0	0	0	0	0	0	0	0	0	0	0	0	394	407	447	626	1509991935	
1526703360	86954620	86953	0	30	0	30	190	193	0	0	0	0	0	0	0	0	0	0	0	0	387	412	442	615	1509991935	
1526703360	86964996	86964	0	30	0	30	191	194	0	0	0	0	0	0	0	0	0	0	0	0	380	415	444	613	1509991935	
1526703360	86973308	86972	0	30	0	30	192	195	0	0	0	0	0	0	0	0	0	0	0	0	377	417	448	613	1509991935	
1526703360	86983708	86983	0	30	0	30	192	196	0	0	0	0	0	0	0	0	0	0	0	0	376	413	456	607	1509991935	
1526703360	86994116	86993	0	30	0	30	194	197	0	0	0	0	0	0	0	0	0	0	0	0	379	404	468	599	1509991935	
1526703360	87004500	87004	0	30	0	30	195	198	0	0	0	0	0	0	0	0	0	0	0	0	380	401	482	599	1509991935	
1526703360	87014884	87014	0	30	0	30	196	198	0	0	0	0	0	0	0	0	0	0	0	0	381	399	488	599	1509991935	
1526703360	87023204	87022	0	30	0	30	196	200	0	0	0	0	0	0	0	0	1	0	0	0	383	396	484	601	1509991935	
1526703360	87033596	87032	0	30	0	30	198	200	0	0	0	0	0	0	0	0	0	0	0	0	381	391	474	603	1509991935	
1526703360	87043980	87043	0	30	0	30	198	202	0	0	0	0	0	0	0	0	0	0	0	0	376	388	461	612	1509991935	
1526703360	87054404	87054	0	30	0	30	200	202	0	0	0	0	0	0	0	0	0	0	0	0	369	388	450	624	1509991935	
1526703360	87064788	87064	0	30	0	30	201	204	0	0	0	0	0	0	0	0	0	0	0	0	366	390	440	623	1509991935	
1526703360	87073124	87072	0	30	0	30	202	204	0	0	0	0	0	0	0	0	0	0	0	0	364	388	434	624	1509991935	
1526703360	87083516	87083	0	30	0	30	202	205	0	0	0	0	0	0	0	0	0	0	0	0	378	386	432	623	1509991935	
1526703360	87093932	87093	0	30	0	30	204	206	0	0	0	0	0	0	0	0	0	0	0	0	354	383	437	621	1509991935	
1526703360	87104316	87103	0	30	0	30	205	208	0	0	0	0	0	0	0	0	0	0	0	0	379	383	451	624	1509991935	
1526703360	87114716	87113	0	30	0	30	206	208	0	0	0	0	0	0	0	0	0	0	0	0	340	379	467	630	1509991935	
1526703360	87123052	87122	0	30	0	30	206	209	3	0	0	0	0	0	0	0	0	0	0	0	336	378	484	635	1509991935	
1526703360	87133444	87133	0	30	0	30	208	210	0	0	0	0	0	0	0	0	0	0	0	0	329	373	497	636	1509991935	
1526703360	87143828	87143	0	30	0	30	209	211	0	0	0	0	0	0	0	0	0	0	0	0	329	370	501	639	1509991935	
1526703360	87154236	87153	0	30	0	30	210	212	0	0	0	0	0	0	0	0	0	0	0	0	336	368	493	644	1509991935	
1526703360	87164628	87163	0	30	0	30	211	213	0	0	0	0	0	0	0	0	0	0	0	0	340	367	482	646	1509991935	
1526703360	87172932	87172	0	30	0	30	212	214	0	0	0	0	0	0	0	0	0	0	0	0	351	363	476	648	1509991935	
1526703360	87183308	87182	0	30	0	30	213	215	0	0	0	0	0	0	0	0	0	0	0	0	365	363	473	645	1509991935	
1526703360	87193732	87193	0	30	0	30	214	216	0	0	0	0	0	0	0	0	0	0	0	0	373	362	475	650	1509991935	
1526703360	87204124	87203	0	30	0	30	216	217	0	0	0	0	0	0	0	0	0	0	0	0	376	356	479	660	1509991935	
1526703360	87214508	87214	0	30	0	30	216	218	0	0	0	0	0	0	0	0	0	0	0	0	379	355	477	664	1509991935	
1526703360	87222836	87222	0	30	0	30	218	219	0	0	0	0	0	0	0	0	0	0	0	0	386	353	474	670	1509991935	
1526703360	87233228	87232	0	30	0	30	219	220	0	0	0	0	0	0	0	0	0	0	0	0	378	356	468	663	1509991935	
1526703360	87243604	87242	0	30	0	30	220	221	0	0	0	0	0	0	0	0	0	0	0	0	370	360	462	657	1509991935	
1526703360	87254004	87252	0	30	0	30	221	222	0	0	0	0	0	0	0	0	0	0	0	0	365	357	458	652	1509991935	
1526703360	87264412	87264	0	30	0	30	222	223	0	0	0	0	0	0	0	0	0	0	0	0	363	356	448	651	1509991935	
1526703360	87274788	87274	0	30	0	30	224	224	0	0	0	0	0	0	0	0	0	0	0	0	359	359	442	652	1509991935	
1526703360	87283092	87282	0	30	0	30	224	225	0	0	0	0	0	0	0	0	0	0	0	0	356	367	440	647	1509991935	
1526703360	87293500	87292	0	30	0	30	226	226	0	0	0	0	0	0	0	0	0	0	0	0	354	372	434	635	1509991935	
1526703360	87303892	87303	0	30	0	30	227	227	0	0	0	0	0	0	0	0	0	0	0	0	349	377	427	623	1509991935	
1526703360	87314276	87313	0	30	0	30	228	228	0	0	0	0	0	0	0	0	0	0	0	0	349	376	416	625	1509991935	
1526703360	87324660	87323	0	30	0	30	229	230	0	0	0	0	0	0	0	0	0	0	0	0	352	380	408	621	1509991935	
1526703360	87332988	87332	0	30	0	30	230	230	0	0	0	0	0	0	0	0	0	0	0	0	356	383	406	620	1509991935	
1526703360	87343380	87343	0	30	0	30	231	232	0	0	0	0	0	0	0	0	0	0	0	3	359	385	405	623	1509991935	
1526703360	87353764	87353	0	30	0	30	232	232	0	0	0	0	0	0	0	0	0	0	0	0	359	388	410	619	1509991935	
1526703360	87364196	87363	0	30	0	30	234	234	0	0	0	0	0	0	0	0	1	0	0	0	363	386	422	621	1509991935	
1526703360	87374580	87373	0	30	0	30	234	235	0	0	0	0	0	0	0	0	0	0	0	0	366	386	439	626	1509991935	
1526703360	87382892	87382	0	30	0	30	236	236	0	0	0	0	0	0	0	0	0	0	0	0	370	387	453	633	1509991935	
1526703360	87393268	87392	0	30	0	30	236	236	0	0	0	0	0	0	0	0	0	0	0	0	376	384	457	634	1509991935	
1526703360	87403684	87403	0	30	0	30	238	238	0	0	0	0	0	0	0	0	0	0	0	0	381	377	454	631	1509991935	
1526703360	87414068	87413	0	30	0	30	239	239	0	0	0	0	0	0	0	0	0	0	0	0	379	372	456	626	1509991935	
1526703360	87424452	87424	0	30	0	30	240	240	0	0	0	0	0	0	0	0	0	0	0	0	376	374	461	625	1509991935	
1526703360	87432796	87432	0	30	0	30	241	241	0	0	0	0	0	0	0	0	0	0	0	0	372	374	462	624	1509991935	
1526703360	87443180	87442	0	30	0	30	242	242	0	0	0	0	0	0	0	0	0	0	0	0	360	376	458	621	1509991935	
1526703360	87453564	87452	0	30	0	30	244	243	0	0	0	0	0	0	0	0	0	0	0	0	351	378	452	628	1509991935	
1526703360	87463964	87463	0	30	0	30	244	244	0	0	0	0	0	0	0	0	0	0	0	0	342	379	448	633	1509991935	
1526703360	87474364	87474	0	30	0	30	246	245	0	0	0	0	0	0	0	0	0	0	0	0	337	379	441	635	1509991935	
1526703360	87482676	87482	0	30	0	30	246	246	0	0	0	0	0	0	0	0	0	0	0	0	340	381	434	639	1509991935	
1526703360	87493052	87492	0	30	0	30	248	247	0	0	0	0	0	0	0	0	0	0	0	0	346	381	429	637	1509991935	
1526703360	87503468	87502	0	30	0	30	249	248	0	0	0	0	0	0	0	0	0	0	0	0	353	379	435	642	1509991935	
1526703360	87513868	87513	0	30	0	30	250	249	0	0	0	0	0	0	0	0	0	0	0	0	361	379	439	645	1509991935	
1526703360	87524252	87523	0	30	0	30	251	250	0	0	0	0	0	0	0	0	0	0	0	0	365	382	438	639	1509991935	
1526703360	87532580	87532	0	30	0	30	252	251	0	0	0	0	0	0	0	0	0	0	0	0	367	382	439	643	1509991935	
1526703360	87542964	87542	0	30	0	30	253	252	0	0	0	0	0	0	0	0	0	0	0	0	367	380	442	639	1509991935	
1526703360	87553348	87553	0	30	0	30	254	253	0	0	0	0	0	0	0	0	0	0	0	0	366	377	447	639	1509991935	
1526703360	87563732	87563	0	30	0	30	256	254	0	0	0	0	0	0	0	0	0	0	0	0	364	380	452	636	1509991935	
1526703360	87574140	87573	0	30	0	30	256	255	0	0	0	0	0	0	0	0	0	0	0	0	362	382	458	638	1509991935	
1526703360	87582452	87581	0	30	0	30	257	256	0	0	0	0	0	0	0	0	0	0	0	0	360	383	461	643	1509991935	
1526703360	87592836	87591	0	30	0	30	258	256	0	0	0	0	0	0	0	0	0	0	0	0	358	385	462	643	1509991935	
1526703360	87603228	87603	0	30	0	30	259	258	0	0	0	0	0	0	0	0	0	0	0	0	359	387	470	651	1509991935	
1526703360	87613620	87613	0	30	0	30	260	258	0	0	0	0	0	0	0	0	0	0	0	0	359	389	474	647	1509991935	
1526703360	87624004	87623	0	30	0	30	261	259	0	0	0	0	0	0	0	0	0	0	0	0	352	396	471	640	1509991935	
1526703360	87634404	87633	0	30	0	30	262	260	0	0	0	0	0	0	0	0	0	0	0	0	343	404	465	640	1509991935	
1526703360	87642740	87642	0	30	0	30	263	261	0	0	0	0	0	0	0	0	0	0	0	0	340	412	457	639	1509991935	
1526703360	87653124	87652	0	30	0	30	264	262	0	0	0	0	0	0	0	0	0	0	0	0	337	414	445	636	1509991935	
1526703360	87663524	87662	0	30	0	30	265	263	0	0	0	0	0	0	0	0	0	0	0	0	332	414	434	638	1509991935	
1526703360	87673924	87673	0	30	0	30	266	264	0	0	0	0	0	0	0	0	0	0	0	0	330	416	425	628	1509991935	
1526703360	87684308	87684	0	30	0	30	267	265	0	0	0	0	0	0	0	0	0	0	0	0	331	410	420	627	1509991935	
1526703360	87692620	87692	0	30	0	30	268	266	0	0	0	0	0	0	0	0	0	0	0	0	334	408	417	629	1509991935	
1526703360	87703004	87702	0	30	0	30	269	266	0	0	0	0	0	0	0	0	0	0	0	0	338	410	417	626	1509991935	
1526703360	87713396	87712	0	30	0	30	270	268	0	0	0	0	0	0	0	0	0	0	0	0	343	413	424	621	1509991935	
1526703360	87723780	87723	0	30	0	30	270	268	0	0	0	0	0	0	0	0	0	0	0	0	348	412	436	620	1509991935	
1526703360	87734164	87733	0	30	0	30	272	269	0	0	0	0	0	0	0	0	0	0	0	0	353	400	445	620	1509991935	
1526703360	87742476	87742	0	30	0	30	272	270	0	0	0	0	0	0	0	0	0	0	0	0	359	387	452	620	1509991935	
1526703360	87752860	87752	0	30	0	30	274	271	0	0	0	0	0	0	0	0	0	0	0	0	362	374	454	618	1509991935	
1526703360	87763244	87762	0	30	0	30	274	272	0	0	0	0	0	0	0	0	0	0	0	0	365	365	453	625	1509991935	
1526703360	87773628	87773	0	30	0	30	275	272	0	0	0	0	0	0	0	0	0	0	0	0	371	359	451	629	1509991935	
1526703360	87784036	87783	0	30	0	30	276	274	0	0	0	0	0	0	0	0	0	0	0	0	376	353	449	632	1509991935	
1526703360	87792340	87791	0	30	0	30	277	274	0	0	0	0	0	0	0	0	0	0	0	0	379	351	447	637	1509991935	
1526703360	87802724	87801	0	30	0	30	278	275	0	0	0	0	0	0	0	0	0	0	0	0	379	351	444	644	1509991935	
1526703360	87813132	87813	0	30	0	30	278	276	0	0	0	0	0	0	0	0	0	0	0	0	376	355	440	652	1509991935	
1526703360	87823516	87823	0	30	0	30	280	277	0	0	0	0	0	0	0	0	0	0	0	0	370	359	439	656	1509991935	
1526703360	87833900	87833	0	30	0	30	280	278	0	0	0	0	0	0	0	0	0	0	0	0	364	361	438	659	1509991935	
1526703360	87842204	87841	0	30	0	30	282	278	0	0	0	0	0	0	0	0	0	0	0	0	362	365	438	663	1509991935	
1526703360	87852636	87852	0	30	0	30	282	280	0	0	0	0	0	0	0	0	0	0	0	0	360	367	434	670	1509991935	
1526703360	87863020	87862	0	30	0	30	283	280	0	0	0	0	0	0	0	0	0	0	0	0	357	366	431	674	1509991935	
1526703360	87873420	87872	0	30	0	30	284	281	0	0	1	0	0	0	0	0	0	0	0	0	355	365	423	674	1509991935	
1526703360	87883812	87883	0	30	0	30	285	282	0	0	0	0	0	0	0	0	0	0	0	0	352	363	415	680	1509991935	
1526703360	87892124	87891	0	30	0	30	286	283	0	0	0	0	0	0	0	0	0	0	0	0	351	362	410	685	1509991935	
1526703360	87902508	87902	0	30	0	30	287	284	0	0	0	0	0	0	0	0	0	0	0	0	352	361	402	686	1509991935	
1526703360	87912908	87912	0	30	0	30	288	284	0	0	0	0	0	0	0	0	0	0	0	0	357	360	398	685	1509991935	
1526703360	87923316	87922	0	30	0	30	289	286	0	0	0	0	0	0	0	0	0	0	0	0	363	360	403	684	1509991935	
1526703360	87933716	87932	0	30	0	30	290	286	0	0	0	0	0	0	0	0	0	0	0	0	367	361	409	684	1509991935	
1526703360	87944100	87943	0	30	0	30	291	288	0	0	0	0	0	0	0	0	0	0	0	0	369	369	417	676	1509991935	
1526703360	87952428	87952	0	30	0	30	292	288	0	0	0	0	0	0	0	0	0	0	0	0	373	377	425	671	1509991935	
1526703360	87962812	87962	0	30	0	30	292	289	0	0	0	0	0	0	0	0	0	0	0	0	374	388	433	661	1509991935	
1526703360	87973228	87972	0	30	0	30	294	290	0	0	0	0	0	0	0	0	0	0	0	0	369	397	441	649	1509991935	
1526703360	87983612	87983	0	30	0	30	294	291	0	0	0	0	0	0	0	0	0	0	0	0	382	403	448	643	1509991935	
1526703360	87994012	87993	0	30	0	30	296	292	0	0	0	0	0	0	0	0	0	0	0	0	359	405	455	629	1509991935	
1526703360	88002324	88001	0	30	0	30	296	292	0	0	0	0	0	0	0	0	0	0	0	0	359	407	463	620	1509991935	
1526703360	88012740	88011	0	30	0	30	298	293	0	0	0	0	0	0	0	0	0	0	0	0	356	405	472	616	1509991935	
1526703360	88023144	88023	0	30	0	30	298	294	4	0	0	0	0	0	0	0	503	0	0	0	357	407	473	608	1509991935	
1526703360	88033532	88033	0	0	0	0	299	295	0	0	0	0	0	0	0	0	516	0	0	0	360	408	466	599	1509991935	
1526703360	88043940	88043	0	0	0	0	300	296	0	0	0	0	0	0	0	0	801	0	0	0	363	406	458	596	1509991935	
1526703360	88052300	88051	0	0	0	0	301	296	0	0	0	0	0	0	0	0	316	0	0	0	363	401	449	596	1509991935	
1526703360	88062716	88061	0	0	0	0	302	297	0	0	0	0	0	0	0	0	281	0	0	0	362	397	442	597	1509991935	
